Eigvals	58
3.261572504298202	1.6840147524140303	1.0033576591432258	0.9720004392400892	0.8098401704515463	0.6262136622616365	0.6007989299698728	0.5328347634346373	0.520590336165464	0.48726910565990494	0.43012666444640696	0.41753091975633677	0.39926918290755314	0.37231830227474727	0.3650590984216996	0.35622338377205737	0.3225940925481698	0.32079236633041314	0.30581351960020003	0.29130992049950355	0.2831426912202106	0.26947538907032803	0.24332925171237457	0.23896824568236436	0.22866917595197644	0.209801095722582	0.20131085147533895	0.19572451824369225	0.18414163047159743	0.17770505298824654	0.16978953500520974	0.15926679216563558	0.14576539667801983	0.14039128813177654	0.1337514161850979	0.1276109491695161	0.12537607341741042	0.10963157757406936	0.10701069694855514	0.09491967959073369	0.09253517086332602	0.08734534940664385	0.08176314445380994	0.07007650247498984	0.06626370502185411	0.06255257490655164	0.05839305481473602	0.04852277108510689	0.045321180859780576	0.03807133829366149	0.024021645884787647	0.019751504701399435	0.01159879340126297	0.0	0.0	0.0	0.0	0.0

Proportion explained	58
0.17792147696732538	0.09186439718553469	0.05473398994073663	0.05302342766704719	0.04417745092108977	0.03416047306625244	0.0327740784053578	0.029066576924134623	0.028398633292196548	0.026580932616186763	0.023463765199296317	0.022776656911558637	0.021780464066591256	0.02031027124351597	0.019914275671000237	0.019432280130979442	0.01759777448806232	0.017499488833111657	0.016682380358596798	0.015891197035234457	0.015445667924908804	0.014700105291712324	0.013273811879688785	0.01303591539481828	0.012474092625155713	0.011444823247416035	0.010981673403501143	0.010676934306609565	0.010045078201236455	0.009693957577383013	0.009262159526397674	0.008688135203683061	0.007951622916094513	0.007658460851271406	0.007296250346347748	0.006961282793352467	0.006839368473149837	0.005980493206430628	0.005837522001212281	0.005177947006786686	0.0050478700840560844	0.004764761032347822	0.004460247136478984	0.0038227311533389967	0.003614739899627734	0.003412294683259744	0.0031853894229180485	0.002646957284142079	0.0024723078900895073	0.0020768229835161846	0.0013104006455092216	0.001077460913154288	0.0006327237705959321	0.0	0.0	0.0	0.0	0.0

Species	0	0

Site	58	58
ERR1458715	0.011147394947135073	0.692306621488694	-0.03849867329370367	-0.011608219060943692	0.15731356417178738	-0.2112487053057736	-0.08242448777725778	0.009207206256891063	-0.039526527812451626	0.050843013874821576	-0.2032812998161533	0.016718984836666183	-0.09344818020735031	0.06390632953259533	0.010121712887441002	0.08833100079142071	0.0030721381233311806	-0.022097480357415423	0.03872295982020415	0.061185611899229275	-0.0051129983081463735	-0.01648921769597546	0.04069894800003466	0.05391145920131948	0.009948931316852348	0.042289318262640326	-0.006556995196890518	0.06422766272681596	-0.010281870078708441	-0.011661663873168774	0.007896509753267288	0.002810337005449876	0.015511720699768035	-0.011554547681484338	0.005355283969325313	-0.01786130234841515	-0.009353845880265957	-0.0012580673023394895	-0.019699465011002133	-0.0023861551859589132	0.01576916803598288	-0.008796261815886695	0.0012999373910457107	0.016806692503292028	-0.0018072949347990085	-0.0008314291052156579	0.008486722394106005	-0.0009065918214814437	0.0007761313425405433	-0.007383200603091118	0.006473657933011856	-0.011024385232574999	-0.0064047024945723145	-0.0	0.0	0.0	0.0	0.0
ERR1458739	0.4051941329125563	-0.023591960441596428	0.045595125474576254	-0.011745658636460647	-0.05441785762096444	0.09929762772990026	-0.04220427962651102	-0.006743782231739335	-0.09745846971555655	0.07140417652510628	-0.002933346362130546	-0.045289275916800445	-0.027069167721428335	0.05314935700729521	-0.03286183819787227	-0.0435609668068202	-0.04452709697832577	-0.061799311016014664	-0.014116282035759214	0.033168748072402124	0.025632096465329365	-0.10496371772668325	-0.02225759543546507	0.0510988123794333	0.04497490694366558	-0.09627348030750058	0.010201411199432103	-0.06493337295021823	-0.03393632423614477	0.017678151980450623	-0.07346714084788741	0.06955967593198217	0.0871843231097189	0.05901641060675762	0.07519556375195072	0.057695743410121236	-0.027872365245068774	0.007784177838594299	0.003917062685321879	0.0022626772716319845	0.025643835354716038	0.07875560567613896	-0.05583354452789402	-0.03578104140357838	-0.047230586427619306	0.039896781873708466	0.007520847231090651	-0.04904008189565886	-0.06796387382978132	-0.009376171434030729	0.05058255625099981	0.005213502597221941	0.012006665757168704	-0.0	0.0	0.0	0.0	0.0
ERR1458746	-0.24350739429870746	-0.07686373559876082	-0.27921262311101136	0.12860429049521746	0.06893346374591151	-0.023536545541377015	0.05546634818847327	-0.15428617648636875	-0.008801546858046997	-0.05452845478160851	-0.06462752786882256	0.05308804360315733	0.03581224616085285	0.09198296194431416	0.021533925806752202	-0.10980048151919371	-0.0007890094508287106	-0.04929722828912113	0.007849147311395362	0.0031872364308804567	0.052822155993659074	0.003031071995366428	-0.0008314911923084209	-0.008281619618918915	-0.06788214328526454	0.08834878091419444	0.0024736213389637066	-0.012091677369970784	-0.06658272302732077	0.030168192844296653	0.015640843113924822	0.022890508125453637	0.014541150146531436	0.038054481712023164	-0.03675142658824818	0.1435267121072464	0.001634249153665798	-0.042393458628520835	0.058115001430072616	-0.0691373774921116	0.01798965761412571	-0.002936489470765993	0.009510179498332568	-0.035408055502936985	0.044739401160269525	0.038151631503772127	0.0004981746970992653	0.01889374052445255	0.02907826950748937	0.0813068346556237	0.02234378697969506	-0.00971543913868652	5.861413352323434e-05	-0.0	0.0	0.0	0.0	0.0
ERR1458747	-0.21822360219233264	-0.05480376200730345	-0.21245391063420851	-0.14523320026259218	0.06381696217766837	0.020470503328475977	-0.09118403776372534	0.12038737134266342	0.05930318757003241	-0.03954303979884435	0.07424550216109144	-0.12345172326526277	-0.001762397685093628	0.2393600169575963	-0.027994065544209884	0.062180039508954676	-0.06059657488188157	-0.014906296382329542	0.03618957084478761	-0.012671491448461828	0.07289856325809765	-0.05385305689256127	0.05350993320171208	-0.052989434765133056	0.02540580628648677	-0.11964137628177977	0.03795412689466262	-0.0661640088770564	0.031461605761004444	0.002233101898814468	-0.10200568399602108	0.1047962764114833	-0.09213474577642067	-0.05205774913611695	-0.006705093625269716	-0.008479135950461661	0.03679323401090186	-0.031152035217845733	-0.07005520109832931	-0.04557027138507096	0.011083432652909958	-0.03336555335510093	-0.030580362727797284	0.042600296753228205	-0.02210860140888716	-0.015523020797825582	0.018858997148647555	0.02153697406274458	0.03316099119034562	0.008820081667141561	0.0037329212020829855	0.01443592400688046	-0.01398680175864664	-0.0	0.0	0.0	0.0	0.0
ERR1458750	0.36016402591029034	-0.06203051594165068	-0.06297767805819598	-0.03527065128039904	0.03762926144204201	0.12009395921258524	-0.03018251197718547	0.01753208290867619	-0.028034272186972672	0.12365614398722374	0.017297017999093948	0.015648972640277797	-0.024558829693549524	0.01980956500393868	0.017518624082112032	0.05644369859064295	-0.08214022792125268	0.0022577178792554937	0.02191322875490749	-0.04781225609861171	0.11278705558735316	0.019430036484431857	0.044775794769884594	-0.04639052882672016	-0.048361698571063705	-0.03385273976717807	0.005845080618851898	0.034158523009066515	-0.06655191621345108	0.011236463638608437	-0.02577960648493324	0.015782442850522552	0.0663751413710066	0.06768930305990606	-0.04096760764177586	-0.024008755155469016	-0.07219869506650979	0.0032730289627475647	0.006792333493682203	-0.014150902946049378	0.04705998412574987	-0.04650601095124182	0.009712286021395107	0.06073836790799699	-0.013756687603404979	8.793065297839902e-05	-0.051053494832532735	0.0632575608446769	-0.004370816417957699	-0.015371185510646772	-0.03933846161910457	-0.05460090252300106	0.03411855724739971	-0.0	0.0	0.0	0.0	0.0
ERR1458752	-0.22114272869691584	0.028724488862860505	0.12486735123778792	-0.16966634220235322	-0.27688936296923644	-0.16768842280871726	-0.053505657151383404	-0.003206797442417072	-0.09925231913040501	0.04967395560093993	-0.03822126753777421	-0.05254383330115378	0.06284959943535047	0.019804181904145846	-0.06830319244783017	-0.03873524551001607	0.0059213145432821775	0.22269787573444524	0.0013376267257943337	-0.03204287590124835	0.08827139184429099	0.012876204503990605	-0.06585603165677954	-0.059601524259516446	-0.01906254538085323	-0.06637115561424162	-0.10103677935741569	0.09345395278540072	0.0854885964367966	0.008163404551322142	0.0446992534950309	0.02673225192748227	-0.08528801148169925	0.10579536386965255	-0.02881947572806605	0.09178889655152557	-0.03168708028687136	0.003332680410510684	-0.013338608992153321	-0.03315928420614077	-0.0017387071558210908	0.02454259721499526	-0.02168011103619136	-0.0009645299755377351	0.0143412609707795	0.008732715896787799	-0.021436567612779324	-0.00717841474510159	-0.024034118920731734	-0.005749383478403743	-0.024267455835912784	0.009669533582521104	-0.011598514613063878	-0.0	0.0	0.0	0.0	0.0
ERR1458765	0.20593965023880134	-0.11290969654090567	0.07895436332908425	0.003115520392074121	0.10979457738229303	0.016554425733240036	-0.12259966457019683	-0.05161289427934122	-0.03451308895402452	0.0477428819254326	-0.00680011761907321	0.013037040850386341	-0.035175395450737605	-0.04175008112076107	0.01052329036914646	0.08310394733888565	0.058929952707228284	0.06308343026764768	0.03927025439495946	-0.006001822768176714	0.015759780821925792	0.0044443924577303425	0.054357896654273964	-0.0381550132863501	-0.07226166073716118	-0.017299856053603388	0.03519111711975802	-0.05948725525197623	-0.010301344428294714	0.013721203302741146	0.03940113110303823	-0.013988498106699348	-0.08304969602177867	0.03334105519304656	0.0131327518264547	0.04462321817081385	0.07619520365960376	2.1692597945140004e-05	0.14103104189229032	0.03980381991627057	-0.03260257013166483	-0.0714514071151487	-0.0024890835588774313	0.047174283238493674	-0.017531619954147815	0.06990750433438325	-0.039846143142975285	-0.013260402071960557	0.04058173870592961	-0.05681584078846465	0.03935333137591704	0.021705456182072088	-0.0019368954387579919	-0.0	0.0	0.0	0.0	0.0
ERR1458793	-0.23097568745182087	-0.04011659223183852	0.18782138018210054	-0.009595089757688609	-0.10762356540436824	0.004915871161195255	-0.017874384282770783	0.005256848316790529	-0.11004003341361913	-0.0823046062512429	-0.10539238795023959	0.15131793526792342	0.07120105756521083	0.06537561291321352	0.011432116240152045	0.07852522591456401	-0.1013786885758041	-0.03395540676136792	0.089642279482067	-0.20023555292390952	0.008695954135737196	0.08659581215658173	-0.05075541894471026	0.00981121724133468	0.08181850823277567	-0.08124209339822641	0.012438151975951318	0.08028380781595203	-0.04078558916344768	0.08351835617707466	-0.017300107864555964	-0.013787054183993806	0.054446293751438515	-0.11453081105344927	-0.00019929965896269667	0.03355611725621194	0.07081330816587711	-0.057907531417772065	0.0013287438333435119	0.07392964944728662	-0.0452945636563416	-0.007411953247556103	-0.023172155488431767	-0.014253498137290226	0.037300589309819804	-0.00815301512693603	0.018774449937751684	0.007717445729581632	-0.0005484729428314936	-0.013825383570966049	0.01002350760903471	-0.00766709865759097	0.007689845329339269	-0.0	0.0	0.0	0.0	0.0
ERR1458809	-0.2135352848651677	-0.07284605462670818	-0.10300448630708765	0.08451399104005272	0.11856040484971092	0.13338071428040033	0.10146970350077439	-0.04602379949944381	0.030821128720814703	-0.05360765013562516	0.008602428138424845	0.1173679645818873	-0.14372734442428853	-0.012392396385987199	0.05660118828113498	0.16500908348458396	-0.029850250867696923	0.03290767160304206	0.053079502630811605	0.12622626996844966	0.013241302384104583	0.14960754780904958	-0.08576680127697241	0.027180530188510642	0.04349460472807796	-0.04147734869555698	-0.09300977081641452	0.07269397455977586	0.07796390771140174	-0.01565192787546475	-0.09021826732997304	0.032103118474729984	-0.017141767976954297	0.034069742638117365	-0.029989639315125962	-0.012204434823167885	0.006483514550270723	0.01637120434684589	0.09320774257082538	-0.0031049402772947736	0.005948049650997285	0.018643399214636074	0.020611236226122705	-0.057346834354264936	-0.09008732468460366	-0.011710752226062333	0.027282449616767426	0.032166520057646565	-0.01758575554187229	0.001972099923421495	-0.006080350399809337	0.006492751687963221	-0.011113338564620018	-0.0	0.0	0.0	0.0	0.0
ERR1458829	0.012960391309240345	-0.12698179896315626	0.19975862943841316	0.01804983086519931	0.05025552763870302	0.017377601187883212	-0.011876999691054766	0.016288451003226925	-0.043186910441259836	-0.16709600979791647	-0.03647679275060965	-0.009893557118769505	0.025377423018294154	0.0221665048537235	0.015916875620620462	0.008167600080599618	0.06227296225005593	-0.08345458520332448	0.0001453364028031532	-0.007598150633122308	-0.08450332104633959	0.05148188779611417	0.026451301121365064	0.056877587529654265	-0.1360580537551593	-0.006665186066330585	-0.036732612640757424	0.020623003141544024	0.064556370596106	0.04340054284420227	0.025853027341084574	0.07040039426623264	-0.05193061933003673	-0.021139200235386322	0.09753360390133287	-0.04065994876667045	-0.11441933184981781	0.07558766251050505	-0.0357752295898753	0.007463940251857222	0.03137286009740543	-0.0997981704321874	-0.06204801802234486	-0.051817147485229434	0.021093892956934156	0.07087008398327746	0.032042513914857615	0.01956762565110551	-0.007166471125909036	0.011782600292924808	-0.013020544738666649	-0.000184354559072513	0.0046263180925547485	-0.0	0.0	0.0	0.0	0.0
ERR1458831	0.3938849877625661	-0.047320491523385605	-0.06011324883734877	-0.08537079776609677	-0.28697861093956123	-0.07840355386114585	0.08311706020072478	0.005308950645618319	-0.018729947547652004	0.0005317499430568453	-0.022783489362302376	0.04525789808469155	-0.0050303427952944025	0.007995864716182645	0.03791155770497651	-0.03761768910548541	-0.006835607887862163	0.0036058972466346765	-0.009898501416465599	0.0033689120969768145	-0.0016409467811146947	0.019989349923039485	0.0047957169954518765	0.00689217928669296	0.0030821880112163573	0.02151187311650798	-0.022597173131863713	-0.01003012279937879	0.03808856295191471	-0.007676510259827474	0.031158141139246445	-0.022993881809279863	0.00242139221359696	-0.01034392705743505	-0.0002164101268009851	-0.003205514309580291	0.016689831534526692	-0.003658922581618572	0.018574332475650948	0.013327468163954578	0.015090088501337267	0.0013937139919014986	0.010698429346103778	0.002673207131491178	-0.04498447925978313	0.009166433472155698	0.020223525350837154	-0.02738760083741676	0.006975236378049886	-0.007201678693508769	-0.025597835791755494	-0.017719188677372676	0.009375155532111882	-0.0	0.0	0.0	0.0	0.0
ERR1458855	-0.26386497192195196	-0.1103013112714313	-0.19065016736229165	-0.0922111161044579	-0.028604652592516613	-0.04777426040335467	0.01978773164886434	-0.011829814830637247	-0.08628408233795859	0.01583826976170428	-0.0851343763816419	-0.05223495629118641	-0.016845114343876016	-0.019043728799909836	-0.08866680935395087	-0.09130790760116948	0.019558351372421814	-0.03429945925941259	0.001739985373380728	-0.07910161794297764	-0.1296526921065924	0.00017070125476715184	0.016289734618295724	-0.017415989219711374	0.0692933497062214	0.08054149799254279	0.01992828873296426	-0.025657411216614207	-0.020455034121050323	0.006683838243395299	0.01338079843666909	0.09356381387210758	-0.021460386822926884	0.1024276758885767	0.07690349348323781	-0.0005921619185551527	0.010130752600195872	-0.01397148782447503	0.008215281711747185	0.09404398888727972	-0.04895772154687451	-0.02462800930398652	0.018515623675617425	0.01972507164964903	-0.08621341638924722	-0.0347907938395118	0.05168311140338242	-0.030843872932019307	0.03489044497796318	0.01939935988713159	-0.023821012917246445	-0.02738775347784114	0.0017721303111922983	-0.0	0.0	0.0	0.0	0.0
ERR1458857	-0.041062691147335406	0.648866300440545	-0.08103881633838386	-0.0393924269131363	-0.0015213494557370277	0.07852765452818167	-0.017881926671824897	-0.08587210404883357	-0.129070862028648	-0.11211535089379183	0.07350651083709035	-0.008181124735194178	0.030272163799173822	-0.01972627053830641	0.03157587605382329	0.10330503038351457	0.021686102486620243	-0.06094407904195838	-0.3684099939062363	-0.07268051994739137	-0.028773871439152512	0.024624807665467065	-0.0098088827218602	-0.06815072212743237	0.0043368230233819405	-0.04933918826309198	-0.011960678450573905	-0.024397969389662873	0.011605632506780818	-0.011254919322038055	-0.0065850995581012645	0.005157047703640407	0.004407385362068615	0.012672065629323166	0.009518516360298771	0.01619515479252822	0.006721900014630221	-0.009046957071889657	0.02360462002046784	0.00117705648967473	-0.0170512447839351	-0.008102257998840222	0.006819680541157005	-0.001229505351071599	0.004457079807834404	0.004112507255349447	-0.0132425200877742	0.001411664158387821	-0.0009661798345281607	0.002886610778681619	-0.007462629480947216	0.005001453273363592	0.0026577774172404324	-0.0	0.0	0.0	0.0	0.0
ERR1458868	0.10849956436684438	-0.10625953339316019	0.16730084447003585	0.009762458378408667	0.13187117824731306	-0.05046030544041782	-0.06344830481716011	-0.0884261453047399	0.011006712606098189	-0.033543018628531984	0.06507230321207451	0.03577833385292465	-0.029420596184696807	0.004238925183350324	0.0627830738500645	-0.030754908257865223	0.11312620279573739	-0.05510882107778949	0.03360993262570106	-0.110909163667459	0.03495930853609643	0.041075740192504775	-0.0057350454863730905	-0.13260501676323047	-0.009799047335330274	0.03401729405900395	0.03757626842449963	-0.008788408998365251	0.03286159993217569	-0.18506792881436643	-0.029402850074472586	0.05075550879514553	-0.004956529207841732	0.014506007105744125	0.062047163065298214	0.005991332151888377	0.008019716554179879	-0.007418819493216577	0.058916981969153	-0.020469107591078617	0.07570385566665373	0.06296353538811104	-0.0062208928136514	0.01786698931468844	0.07064502730011248	-0.06036149381668241	0.07027226054312749	-0.005504736106915036	-0.011285127924601195	-0.033133497296153634	-0.009465061000305634	-0.010052587514925434	-0.0062495247684364805	-0.0	0.0	0.0	0.0	0.0
ERR1458871	0.10584808997715807	-0.17568666980278413	-0.12423399388192516	-0.051585861759512026	0.12635953960839738	-0.0027850240545476534	-0.12169256663094605	0.05546822473394678	0.010037836848627362	-0.12178475218482265	0.03796688623077355	-0.07164529857777484	-0.010735930063104207	0.10695367898895203	0.03846582779345438	0.039103487807776255	-0.0002536086447265048	-0.020414574858108766	0.023406757826109514	-0.05472532122100175	-0.017044931328791285	-0.02430764207575454	0.06101536749290028	0.001945439728647731	0.012814768686442244	0.011654179626779577	0.0493601978222814	0.00365852055896027	0.020849831107503266	0.008509679822171259	0.041866751335276016	-0.10463401319338528	-0.0005582965767708742	0.0015142500291363827	0.02448761557762835	0.05285362521888903	0.05862067977294554	0.042929704824757664	0.04497796036338977	0.02742914048122133	-0.02954269384756408	0.02941202680761091	-0.004773912551139689	-0.019247668487752827	-0.007115190393687188	-0.0007529969733533926	-0.02071974539299325	0.00024329196736226004	-0.052151057714617914	0.029788991870357044	-0.062106211654700684	0.03385109440424084	0.032127983806057345	-0.0	0.0	0.0	0.0	0.0
ERR1458881	0.32916389453770534	0.1987083220219839	0.052034815691090024	0.023056258340258307	0.2217523140890868	-0.28730252897108005	-0.09811303732674723	0.10314982473059897	0.07107883003008271	0.05669267533983592	-0.20712626610590065	0.02026843342491039	-0.0733350964077023	0.005950853011233645	-0.020402652460902976	-0.004920443003930166	-0.006023597975670334	-0.005448215893546398	0.0926760492791998	0.041332087635861096	-0.011776308390880372	-0.05680708714470152	0.03222364906411031	0.010542173420889447	0.008211476689623154	-0.012021652075937467	-0.023140885091784802	0.030776957891780535	0.010329938914251102	0.005603759789744323	-0.006701161852489436	0.002326143357185344	0.006495454355880523	0.006418825818237533	0.011133290476769723	0.011342912274845575	0.007571078665610343	-0.010656860688200579	0.007190946388498029	-0.005784032254847835	0.0037926549726416867	0.013603578174568701	0.005336466886434488	-0.015151289861429277	0.009202307670056914	-0.007367580899395926	-0.001215911528944763	-0.00536586208549798	-0.0039054531150098356	0.012981159533273908	-0.010285071715152984	0.012718875598718624	0.006673811844741612	-0.0	0.0	0.0	0.0	0.0
ERR1458883	-0.09210240312202855	-0.07514062089323569	-0.01777302113626648	0.10282145435445397	0.08624042251844025	-0.021455583765234394	0.026978213833638204	-0.08197287451165652	0.06642264921082548	0.021318920716162416	0.10591303854847105	0.03975186160236974	-0.07655636861727774	-0.046325107740132404	0.16613333308915398	0.0007635230709864363	-0.2810962690347046	0.14538750401418155	-0.037412618628270174	0.051781430017735296	-0.02959387234451787	-0.07281429608971947	0.05124437189491408	0.0047574677227212574	-0.0220380704654066	-0.021128093507030057	-0.01238883443758571	0.02379430729936727	0.054224546900777784	-0.0972934930261531	0.05975184850607086	0.0017948032939189113	-0.0006657119958862237	-0.044303387974911596	0.07769752440033169	0.005681393579284738	-0.09323073647248294	-0.06750573930617411	-0.006514399257281649	0.06790027130132303	-0.05499980560593015	0.01366301801065056	-0.028458305451536197	0.04782375106809413	0.019290732993708655	0.0035193047926192302	-0.008859029925573686	-0.019152333291961678	0.0025853328409481844	0.03510391733491429	0.005029364569417788	0.0010378056009316952	-0.003230236881624157	-0.0	0.0	0.0	0.0	0.0
ERR1458893	-0.008798354703744248	-0.14212569182977	0.14376045360167056	0.0951660321308432	0.034540810740661884	-0.0552369991765586	-0.024081847119040004	-0.08435136649673379	-0.052285976194314084	-0.12540290917296748	-0.03641988302830368	-0.07723060407452452	0.09947577974294389	0.021352933045296486	-0.055114977475237706	-0.034188045476705696	-0.005743750037486374	-0.044289394279042306	-0.024527759789604146	0.010106820208377389	-0.03582812606379373	0.07483964100395982	0.07726103206217459	-0.011219799873602228	0.019761182605602157	0.061610700081471424	-0.07061872012149066	-0.02550178399005361	0.08221349250269627	0.09208293286422409	0.020353128884718723	-0.07578498564730003	0.076032177655579	-0.03241105446235707	-0.02197128403991779	0.007941681011746828	-0.05496359211092309	-0.06214105765249111	-0.0016790329444839034	-0.016324272069839385	0.08641977211336552	0.013108625120629807	0.036437565802305526	0.12127898998461609	-0.07281825961586703	-0.010312392077432706	0.01150358320832362	0.01128764415546146	-0.019105852341626227	-0.004372058307049707	0.01609768403915185	0.026262410012593187	-0.013875418125597996	-0.0	0.0	0.0	0.0	0.0
ERR1458899	-0.2351716368767213	-0.04764212005478497	0.07315914547154907	0.024161329073212976	0.03049467636426085	0.08256127385214776	0.12006413120150257	0.013778042686966491	-0.21744657719424304	0.04385742137307523	-0.11506346801571424	-0.21230659859399298	-0.03504492881604874	-0.019161439213422428	-0.05258193465666716	-0.010356218008697913	0.03694793432406808	0.11063270341825306	0.008834565910439542	-0.016447689176758602	-0.044964089736266304	-0.06583719501174988	-0.07100988797386304	-0.026634488766279194	-0.12956481031895054	-0.009343021473272557	0.020228535805777888	0.023164568089763592	-0.1106751242846029	-0.047383477650309466	0.029414695545549676	0.0521284532734271	0.00022563986749794815	-0.1055634570263572	-0.012147345864500106	-0.12422376908028149	0.037577376291698605	-0.07175752569412544	0.06096484766135966	-0.016638030323293636	0.021980823326325897	0.04544102901282489	0.009737146030845452	-0.004606251757560231	-0.017691286617953748	0.026979297496632804	-0.013536766995763736	0.016416398767965208	-0.02993495565405172	0.026265968855610805	-0.013175681669630342	0.005301179694324675	-0.0022837650171782607	-0.0	0.0	0.0	0.0	0.0
ERR1458906	-0.2090027624400312	0.05536499441851497	0.013543478132478547	0.35183290128949657	-0.17796462754174808	0.06720079187824138	-0.14561400626247753	0.11248760211871406	0.1495984988571996	-0.0473491011370848	-0.037007247220942695	-0.06627042975721435	-0.0824875956038627	-0.03252457991622362	-0.06636308893171282	-0.014173021711077871	0.007548270854357483	-0.14024408014933623	-0.009173717859420165	0.05258114805521896	0.05065780826569787	0.11837999344176296	-0.02248781955142877	0.06029971730434974	0.04425016698804658	-0.05740991567472071	-0.0061494785930566905	-0.029631464988683524	-0.036988447270956654	0.005101575361818375	0.07987095412803666	0.07574283478135135	-0.10100684377933822	0.03211590763748104	-0.05768362098365132	-0.038554997297157424	-0.029253798477478457	-0.0029964132104737455	0.009558954026507863	0.07080008444596263	0.015776842315687423	0.08363868577055392	0.02433932064990727	0.04436793769020646	0.04984783176541232	0.02177701390266283	-0.01685267680810149	-0.015328131495651926	0.010269045976277518	0.00723551905236128	-0.00030505244261070416	0.00015492628800965394	0.015519507426869297	-0.0	0.0	0.0	0.0	0.0
ERR1458915	-0.0831240288428613	0.17020469471268745	0.05515588463273803	-0.14375059329749915	0.09070502614780865	0.4121846475461482	-0.05553455439229201	-0.03925650676785079	0.2891209189328207	0.17407300461677025	-0.23782083704934892	0.029315608642733894	0.18375058674443878	0.09460908632451348	0.05181564853096331	-0.12203659321974387	0.0330649453926578	0.06532191064315256	0.0031465513997133115	-0.01351982900810346	-0.1103106984241214	0.013052289268262135	-0.02844580043289461	-0.026180676500172077	0.014017512809359766	-0.017584819951967305	-0.039276618978970904	-0.03815722756855928	0.055233408247026404	-0.04230117461296576	0.016321753950872736	-0.013434380886653769	0.018950680274614863	-0.0015260904524782956	-0.02124091360781292	0.005993092938361348	-0.00025138959692530804	-0.001600259446522733	-0.005183325749754289	0.01723668452048786	-0.00042214664235463344	-0.007804006776453319	0.007131956979468694	-0.0002451265004264256	0.0069159593969417175	0.013143788262841577	0.0022516843585721792	-0.0032462069878257836	-0.007678079604409151	-0.0027626803645903683	-0.007672907784687342	0.0036744362754066503	-0.00199035794753141	-0.0	0.0	0.0	0.0	0.0
ERR1458929	-0.038619775109338735	0.6036880496763465	-0.07109119989475449	-0.04734778061762511	-0.03729704426239916	0.14770398154975806	0.0006247884893375147	-0.06985026140821485	-0.09569573315388676	-0.16870107206524254	0.2290728006132005	-0.040273116107265916	0.11325312024171955	-0.13375026719963373	-0.0243681534607744	-0.11086698561718852	-0.015311779534840517	-0.012893762154269132	0.3331691433387429	0.04442643539169774	-0.006744989257004845	-0.011032151819124763	0.020210931816808785	-0.020531902136912007	-0.0052147977631811174	-0.014866370212470463	0.012257514545897928	-0.011526139608084063	0.009220241889192772	-0.003258078096650973	0.010923568677275522	-0.002765027212709171	0.008318126192611946	0.014121647043272997	0.004174191475443639	-0.002536815702112041	-0.003578608564632594	-0.0024525784270996408	0.002093193379573607	0.00484512711302759	-0.008712081489336101	-0.0045589249460578395	0.006541780076009377	-0.00016531741762823443	-0.0013330158871767306	0.004227658852633412	-0.005822486398835468	0.00020522249160818116	-0.0018834275818629257	-0.0019163759967739543	-0.004665494778282902	0.0022948443294742173	0.0012520544143174665	-0.0	0.0	0.0	0.0	0.0
ERR1458931	0.2326805539810036	-0.08985572288008942	-0.03884902518408202	0.14971287542434783	-0.026630558356565484	0.014382794354673484	-0.13769555261518854	0.016085145631230965	0.058304927678745434	0.016820190137415675	0.026940551606171488	-0.08310413425806114	-0.019703843138609987	-0.1150441646718834	0.00045540541959533383	0.03656996986175496	0.0810944861846436	-0.023192724338044847	-0.010434464097825074	0.006859607642820953	-0.05840278422337098	0.016307691188087916	0.08978732448612702	0.0007292380585608417	-0.06034949490406619	-0.08448854324184177	-0.04914664856831013	-0.012636008736809808	-0.08137408366865911	-0.046674047739266804	0.08694042206104557	-0.03253876950617917	-0.011238203319832116	-0.025364730443902167	-0.06666022792388497	0.09732573565920077	-0.028403076030342048	-0.12349911987382445	-0.06217468553811271	-0.018681240983093258	-0.04352890372560346	-0.03128028633650558	-0.02023721994623649	-0.07680677754207878	-0.04197463811798819	-0.04556038204947442	0.05221870374490882	0.03199788730159789	-0.0178008050533182	-0.032106286882389735	0.0034256757217322226	-0.013712045687828038	-0.005110381675540582	-0.0	0.0	0.0	0.0	0.0
ERR1458936	-0.2300553079312927	-0.060517453004704604	0.023827874784749747	-0.16425649601827025	-0.18248059738535807	-0.12215584339051778	-0.08455424884996109	0.054528417046631555	-0.0699624415663387	0.011305569540000142	0.0008412812026206455	0.150579055706988	0.011399761992122188	-0.027465657832451734	0.023750731304689562	-0.002622424163848982	0.06353313192726777	-0.03324316270095016	-0.0007949774004922692	0.10459371881019744	0.008143652715320448	-0.12565335665450672	-0.07329479139275315	0.04771086888829322	-0.009693028532282147	-0.11786046196599709	-0.02530696554133984	-0.14158703794208857	0.04594353536855764	-0.09199016248884666	0.0554152054328967	0.004679771173633914	0.0740165936386064	-0.11329006554588203	-0.04633070929669425	0.028594005231580982	-0.017349074478437955	0.06846763593751339	0.0472895889366557	-0.0016046239844017022	0.01685175932298716	-0.022428103413274832	0.054858917379170334	0.016965301015327068	-0.0164132862515796	0.0026357625439309552	0.02787816523375201	0.01425535394736764	0.035993803805300574	0.020616685607478202	-0.003962126190429772	-0.010027739956437963	0.011663070125772279	-0.0	0.0	0.0	0.0	0.0
ERR1458937	0.08192484720307508	-0.15140357943683472	-0.1078967780112141	-0.13641135500542143	0.04576898467575882	-0.11833928799144834	-0.07855414426163698	-0.08805875349548996	0.015377802973579022	-0.018191467159363452	0.020439269179535587	0.09566497433493891	0.042398688728821576	-0.07301095147837434	0.0290270215212441	-0.08544266044964582	0.1263229860951294	-0.041918578950792165	-0.021183136156860998	0.05496233890099618	-0.06940593178517032	0.001416813491837197	0.06911685303008278	-0.07660319782239997	0.026949451428973235	-0.020380145061267542	-0.054546808575917954	-0.02539935768667964	0.04207016564911952	0.0612847900098159	-0.027277493531527527	0.035987056397128125	-0.03871565890740123	-0.06335947750330505	0.008781145685748266	-0.04074409040153754	0.02903695385448383	0.0025747482578015574	-0.008933634596339078	0.0606158938736064	0.007867923792553765	0.06940664011303091	-0.048449763694927483	-0.030746338391275222	-3.6127159723793844e-06	-0.03753445795988822	-0.12462652206453959	0.04765223490193086	-0.021079671339803523	0.019846235905102944	0.011665748793984092	-0.024153440395388266	-0.012230599449476444	-0.0	0.0	0.0	0.0	0.0
ERR1458942	0.16606441821781961	-0.09577260526418989	-0.03527280949516766	0.07851612231370685	0.15335874750521297	-0.10184383151293823	-0.03265039245513883	0.04471072015464213	0.05269966091821894	-0.15874600161414837	-0.02308064936538958	-0.03169182220552516	0.0726672548030875	-0.029006675548215836	-0.12988115596158958	-0.1040264404201615	-0.08222722159730335	0.06479810974415652	-0.04633933416392227	-0.009435789895268817	0.005271734637398081	0.007523279665895324	-0.08785677653381692	-0.05724381266614483	0.02406076869461903	0.026035407558280082	-0.008925883232927196	-0.029875435146674494	0.11584959541748936	0.02048324316330085	-0.05311468759270337	0.043084278554969734	0.023164631931005982	-0.023180615220996136	0.004768538721444564	-0.05794343710351277	-0.036630697326303016	-0.055256766981785284	0.012177201528212207	-0.0739822334658684	-0.08578372383711085	0.009610354731377701	0.07151022141284077	-0.05204411226553715	0.015967882871452746	0.016895198029194418	-0.014385636544787101	-0.005875296499311185	0.02839265955763553	-0.04944969253668365	0.01434103634889547	-0.013323207853719028	0.034378786885323066	-0.0	0.0	0.0	0.0	0.0
ERR1458974	0.30641948824166143	-0.10974708430517802	-0.034096679335836946	-0.09338131757305325	-0.06584744797974149	-0.0062626984801036545	-0.0651505982292167	-0.060042163321452756	-0.08847428400602143	0.021287257666976957	-0.01861432998302177	-0.041854851091607866	-0.030717334764662978	-0.044151814305463014	-0.04346915028532018	0.0058904205370493125	-0.02800477168305445	0.038442905896326804	-0.0030646690083058416	0.033819815719483025	-0.10702457146023779	-0.014075647227812956	-0.08925816872254096	-0.08012665833418732	0.07077401037207816	0.027083402978913606	0.030039328985098795	0.06566546853314659	-0.04377800906461576	-0.031873488905554054	-0.033185038333053	0.01934386998299226	0.05285085502734584	0.06673573790191842	-0.07888152987404251	-0.027758406836253607	-0.053319739628329914	0.025514573490379465	-0.018930158924904475	0.07575511262169554	0.032960670566205136	-0.04840285208514277	-0.03327605238687299	-0.012915823903974841	0.043079936300112205	-0.038985423610705915	0.006374486571224358	0.054573128246432526	0.049045493168615964	0.014386958304742637	0.03611279209412864	0.049795867889369586	0.00964729814936124	-0.0	0.0	0.0	0.0	0.0
ERR1458980	0.2527064113336406	-0.12422885728891422	0.023559324589648517	-0.04952181388189812	-0.021618798132317037	0.037369013847020745	0.003916501884792539	-0.00993158329571727	-0.003017355823784601	-0.0630536393440434	-0.030256268536453343	-0.00630694840302997	-0.015068240323259645	-0.048835068802167876	0.024839335875139045	0.14658431117709084	0.04888708542540677	-0.03642324256049579	0.04215856252997945	0.011652128140105791	-0.1053125870949046	0.013289287184292526	-0.05229517128874562	-0.022087266358592764	0.02723295239437098	-0.04882750781113799	-0.03483017412380124	4.4595774844606e-05	0.022553440386190383	-0.018441085551668773	0.04854565026307372	-0.09036745647617365	0.03673190970442571	0.08942418462247792	0.02178965020225735	-0.06726672504281722	0.07558118081346074	-0.001982918153697028	-0.05656829580125143	-0.10311157253479904	-0.06768468344576341	0.07332543665735408	-0.07598064861800277	0.05466953278029879	0.011742716028767362	0.05380418412155285	0.019861536759839343	0.00809065506861945	0.052726845798404656	0.03726236337808048	0.006057177789962456	-0.02339759667839325	-0.004333578764555668	-0.0	0.0	0.0	0.0	0.0
ERR1458992	0.058052408885823255	-0.07108723689806454	0.270241710700932	-0.013924347288063207	0.09888713836313019	0.040355510915802924	0.07026012043306225	-0.003851404315666075	-0.038310147352340264	-0.09055481026604932	-0.05163550985130542	-0.046026694808584186	0.07689214876549379	-0.059618601891085865	0.12373038849526337	-0.057313010890649566	0.009999915467900777	0.03370257904682925	-0.04510728455977464	0.045113961241260284	0.0626025692398928	0.00687690327321182	0.17273649143346131	-0.07700436678146132	0.034844817547806065	-0.010082459539270974	0.04864184579923865	0.11390065980340851	-0.08870895763975314	-0.016011475599314443	-0.04283642857429274	0.05266147236325495	-0.015123044915057057	-0.04294737033883898	-0.07981064806572613	0.04241275189848643	-0.012121724294198881	0.1299021298199532	-0.045682710010884656	-0.006750524250483395	-0.0592577406184197	0.060992786565413175	0.046991833074016	0.0019471531112143954	-0.044151514705512235	0.01965531549817458	0.019391145098856387	-0.01953934715445018	0.03624452612682938	0.007483221829451815	0.005233558180344146	-0.002349522643381741	0.00045926642709272073	-0.0	0.0	0.0	0.0	0.0
ERR1458999	-0.016820764996112535	-0.011306188935299364	0.20286137276441002	0.012025045294431021	0.12654828950246574	0.004654396120787599	-0.01401317472602696	-0.07107364936392399	0.05421964812982627	0.17970395440178988	0.20109342164519767	-0.0805279651605395	-0.11322913687408648	0.02427787403688222	0.04342312525689082	-0.08521832607535987	-0.015630169410993714	-0.19164375503426595	-0.017719861008378142	-0.05598960928199185	0.021765623402434275	-0.09203359193376923	-0.09366872035632924	-0.003505432553422783	0.028048404063069098	0.039365278057851734	-0.026488671792433627	0.12559429444980397	0.10854379393112906	0.05909464907803601	0.11371933965882308	0.08437594067192028	0.04749876041920848	-0.018761212271295635	-0.08936669179427711	-0.004901463021008929	0.07290310518711118	0.002028466233741769	-0.0014062540257264616	-0.019734725560055386	-0.011044790239918586	-0.04235030867096651	-0.013024647187397412	-0.005038898289535599	-0.019947472580151393	0.00612088381407617	-0.008207269083537179	-0.020912627517189687	-3.600578832804187e-05	0.007468744348206177	-0.00360712715851067	-0.0007698993528901724	-0.0029999514652774835	-0.0	0.0	0.0	0.0	0.0
ERR1459008	-0.1253322222721503	-0.02627293106177781	0.19000203395007098	0.08872885659412594	-0.016184400442693574	-0.04538488736506565	0.187323601339699	0.10311524255705935	0.03188299305620035	-0.11011950936085536	-0.03915962348081464	-0.01733582300086918	0.01452430148718596	0.03890074441233155	0.10827087331117591	-0.015930678352159458	-0.059867343983249104	-0.14371180792442845	0.0036410460936465074	0.08273358521419416	-0.12302256187398417	-0.13232856108780175	-0.11820146209293818	-0.06545821384494561	-0.15603165245642325	-0.05662480428612862	0.021742271891581413	-0.003775623213247719	-0.01639981553643363	0.024645343351215224	-0.11761544425998696	-0.09319953711869426	-0.05565298733478331	0.08229627036864053	-0.04158258300716824	0.03854106796956346	0.0154975148164712	-0.023921354673249202	-0.014786652246068725	0.03498496436580329	0.014564120199500518	-0.015655755402066675	0.026664984789727918	0.009468278198984874	0.0058741044449605005	-0.044150880721827504	-0.03110903461755598	-0.030811594610685604	0.0012976368238655737	-0.018377614562242982	-0.008545644280602255	-0.010048808609556693	-0.0037417411109572423	-0.0	0.0	0.0	0.0	0.0
ERR1459017	-0.06956581453010964	0.11286017433532725	0.23274669646251428	0.07715883049620485	-0.029411771722580055	0.02957436878643738	0.18963231481434026	-0.08048815640936227	0.17535921482498124	-0.08778570681380937	0.1252548548750189	0.19585420965716943	-0.21442805573998877	0.158088244771833	-0.285244207314112	-0.02820782707910491	0.0777244102117432	0.1430127379824961	-0.022548646514603084	-0.007193228998766012	-0.08577672089756443	-0.07864315612827366	0.09753433514123207	-0.0270182736636586	-0.0032884158899451725	-0.03466826680429393	0.026730739015418333	-0.01007732403481008	-0.0505424738621101	0.0344429036096266	0.028077236003508435	-0.002139167164647194	0.03378698752554135	0.01319798314701872	-0.0041418530436464545	0.0005946725783006608	0.0054060416758846515	0.00745751662545849	-0.0077465051339030404	0.001552607886882636	0.001897447496078246	0.008303431762617395	-0.0005395628805645647	0.0011105542712638156	0.000895549732571809	-0.0016961045457479973	0.0008865909906990385	0.012991157222539896	0.0034697935378127146	-0.0016114909427279622	-0.006288632852911794	-0.0008573134461760707	0.002221894082950597	-0.0	0.0	0.0	0.0	0.0
ERR1459028	0.3246060759221053	-0.09183859157060904	-0.0907321720713198	0.19348821232268656	-0.06890103277362282	0.0020698671857765478	0.08196861713024538	-0.012010979408108689	-0.04780645533698599	-0.02981546522624914	-0.049801945923553755	0.036848761486536395	0.04507019703572785	0.04790818047316628	-0.0382647194687068	0.03311780437545658	-0.04731385264953397	-0.05166290886423829	0.02177691045706168	-0.026622002048350316	0.041923919174540795	0.0034437805241478415	-0.00877937269433276	-0.00804562340095565	0.03599935633682467	-0.01737278091924893	0.040370029339387735	-0.01031026653425652	0.017417643772486467	-0.02176091151584215	-0.023764520130514832	0.03048378945604599	0.0757208617186623	0.0004081422250687232	0.006283093734445996	0.03576306684104226	-0.020822590026054154	0.00285365477353365	-0.010702028998698099	0.03288882063705279	0.005617558563539928	0.003385340852136246	0.023565062185178322	0.004938728958661239	0.042312608690253196	0.059658124947920235	-0.017793501283456123	0.013815797623089335	-0.0012350924372145089	-0.009943998304849768	-0.030463288604749228	-0.005987668518209472	-0.04792075705240264	-0.0	0.0	0.0	0.0	0.0
ERR1459033	-0.11053277910541781	0.02467116299700775	0.12546566314294652	-0.27988045496679637	-0.19373546357350843	-0.01863010391362891	0.013717139915583454	-0.12150186985879692	0.23021822339159123	0.032805306913522236	-0.0910596409663274	-0.02205297126636792	-0.01855667195395488	-0.15390127220688177	-0.04638171850100825	0.08478131713094218	-0.0977976931241844	-0.10393429866180807	0.0025608059646763555	-0.010108076371311165	0.08122283064208682	0.060191341798758936	-0.003998829419353213	0.02067717731091062	-0.12249050415531453	-0.0001741331586710136	0.1626327388970323	-0.00889810172953522	-0.00919965318302753	0.061290551771622646	0.026546757673616302	0.04048392474602469	0.032540731997004316	0.005532318981402255	0.09138896513012885	0.0034115098008504993	-0.018823380803808385	0.0059318010022934315	0.020312449268938534	-0.05854817163025327	-0.030115040608465767	0.01995300562840327	0.019608616068582926	-0.009265082228813044	-0.02043436279954833	-0.05932876117104001	-0.02024938406174316	0.02335302319670173	0.0049322127450198	0.010322064398224143	0.0021917566507423866	0.022325299957213055	-0.008392003825254003	-0.0	0.0	0.0	0.0	0.0
ERR1459034	-0.19829655636877794	-0.05320835155330897	0.13912131724583945	-0.12752652717445087	0.09636969987769066	0.16237857333858513	-0.04621940963546561	-0.020526960093654352	-0.20224922577619442	0.12640922933767545	0.0063793637009765085	-0.03092705794446488	-0.1321409697231741	0.07299929682282176	-0.08328744391207153	-0.0375317704142277	-0.05512359753892373	-0.07245398668123369	0.014809268344363512	0.023499630654593037	0.1056335623746914	0.055540520266447305	0.04174084452449182	0.005031597091902727	-0.04530400442909314	0.03365634307309809	-0.20124962147571593	-0.06789251226525272	-0.04062266703629332	0.035407250346427464	-0.01975304289295684	-0.09860373590926752	-0.014419971518739952	-0.012866112662141771	0.05918772418410496	-0.0024842540262710144	-0.03171419548913153	0.033222767121038915	-0.007433908194950035	-0.001247504325384301	-0.040540870358420016	0.01597878595368474	0.01264654595958662	-0.01850719584911811	0.043566830165515255	-0.06133000251796742	-0.006718649524021811	-0.024999617146800938	0.04160456323254119	0.0005802944336717766	0.006464308259721881	-0.006583781003627516	-0.0019333768556059811	-0.0	0.0	0.0	0.0	0.0
ERR1459035	-0.0702797577280394	-0.035815923861181466	0.23803735662373723	-0.09046142263272117	-0.019136252115735282	-0.005901847196375947	-0.05240619821111916	0.05544133829739204	0.035260122934456586	-0.09430983465722509	0.08184976761678639	0.05131754672662762	0.16018732580412887	0.07438948388257069	0.13987051267050146	0.17402588425377938	0.013176625463253966	0.04684720494527458	0.012749118363616193	-0.05139328377437422	-0.002528741349387444	-0.14725997567570734	0.023118400535191812	0.15550880468647357	0.07926681120611853	0.1477702196881902	-0.06679900626825985	-0.07493156297246689	-0.08536907458563252	0.02608065197953258	0.023535355367342577	0.07966561018789085	-0.017517749498930375	0.08059727940075363	-0.03819390462397975	-0.051413390715155646	-0.0385012127298439	-0.040334949425120885	0.038657026350427975	-0.02078251086977789	-0.013202851515987359	0.01888830903756259	0.01867665717702383	-0.02239108028440838	0.008862345454726797	-0.02643681684294541	-0.013803049605628405	0.013816480842214204	-0.005231616941586164	-0.0049384170182673204	0.0003326268926024783	0.00064612028236827	-0.006800855312392149	-0.0	0.0	0.0	0.0	0.0
ERR1459037	-0.20400476667780226	-0.04157809019610923	0.19197968009811875	-0.034325057156057916	0.05343480002135548	0.08260374853362776	0.026196109443189272	0.10899539461211481	-0.18191111432927073	0.013132395570045186	-0.018720102555836757	0.018517019373040428	0.0155534543507559	-0.023563574729067237	0.007736282851419185	-0.09765674009069723	-0.011897879742854322	0.06368717553833535	-0.08761348106267629	0.2108480065575255	0.07170556839020542	0.06578877083052738	0.09129885079994428	0.12839534352050416	0.019823750038003452	0.03128045204654986	0.15717593330692642	-0.02912928927154688	0.10934188890900383	-0.000179267568648977	0.007344036474300242	-0.002461810153348013	0.025737414349063077	0.0652733633426502	-0.010543344274183653	0.002590712397603857	0.10748324581376734	-0.06614770887586204	-0.026999542981361684	0.017048050032259537	0.022594758508353577	-0.016047775814412534	-0.03618914295644742	-0.01741652352382204	0.036957673466232355	-0.015492991990207209	0.016282710399697125	0.03181159126202077	0.001428354905293879	-0.0067323575765850146	-0.007023110956826957	-0.012926663724981703	0.004847400214075469	-0.0	0.0	0.0	0.0	0.0
ERR1459045	-0.19016962756453912	-0.0085983724059323	-0.10586988106131477	-0.018709972019420075	0.06512464663732413	0.059795387628875554	0.30929678231302127	0.10873238964595663	0.06513404800094781	-0.03204062589382208	-0.04686135531000885	-0.16107313834745876	-0.09565024658997413	-0.09693164738354412	0.08948230815064166	0.12533418357624632	0.14691690504018443	0.06818039688911696	0.028758573677233543	0.04557541213952365	0.052477783833996844	-0.034481907702271226	-0.07543879574676945	-0.05913304385081335	0.10335117254297263	0.06240631655801746	-0.033570143550812635	-0.048993324376358144	0.008476477966501696	0.06856848457546535	0.0604004387304098	0.042208909868109136	0.0443768926815243	-0.052248544895615485	0.07304947603970074	0.10954942247337739	-0.010611649664946751	0.013528644795784934	-0.04995859164807176	0.017861532996506016	0.015975513212396698	-0.008693609267298504	-0.009011607329248574	0.02386675923967465	0.03588230585941889	-0.006996526762753942	-0.018767363997283053	0.008140201259224657	0.0014028098037417802	-0.03634683669361244	0.0026279012488193256	-0.0027251574726741825	0.012419348450779563	-0.0	0.0	0.0	0.0	0.0
ERR1459063	-0.21190208889855	0.04671000533732432	0.06102219711947629	0.1670375536433794	-0.20032876411408193	-0.03680237954578692	-0.10786619049332563	-0.04271308529511468	0.015416369949332188	0.08839842890852614	0.022217948035346328	-0.08408090455451307	-0.17478809351795782	-0.10358322560279291	0.15722179936476358	-0.11552698813496819	-0.08743777415854846	0.07505316175790884	0.0004146697962801743	-0.11688289709816625	-0.17496741020690745	0.01673732480932134	0.054143007247221535	0.0737262646470312	0.08054397343934375	0.0038207042744004545	-0.023726812192662736	-0.0480629636460869	-0.019195751668311972	0.02919707843888786	-0.11178596798122432	-0.012234782754274509	-0.016748932242728935	-0.012100295388991806	0.04425773808060571	0.02084718874786479	0.0642933579027042	0.04010550150718302	-0.013785249584551754	-0.07930286865100342	0.058884744350965794	-0.016608884924339123	0.04187206179542955	-0.013120960461296346	0.0131411124469459	0.026712662474125397	-0.014255983246274062	0.03627422419581705	0.010416713571772995	-0.01396358014218341	-0.007978695829119246	0.0014698967848480891	0.0015323415065056324	-0.0	0.0	0.0	0.0	0.0
ERR1459072	-0.16653011464515952	-0.020787849253432363	-0.06206460821533921	0.15452368278545825	0.013573713073714305	0.010450143094563172	0.22562728705997576	-0.07628724329855648	-0.00010490663399037427	0.07749187655552565	-0.09642385228630047	-0.07895497763081667	0.08293939354853326	-0.13910492725373855	-0.17553355528852876	0.04584408223272351	-0.030219361192411497	-0.09356465690324552	-0.003180692560219423	-0.13303362850093148	0.06339612949053326	-0.1572821091566837	0.09687367539978485	0.1040670964711753	0.07370955425798274	-0.0038626558170905914	-0.002646599870805418	-0.00923678987718877	0.09974296533203353	-0.09003856011125225	-0.04964936714715246	-0.08213192299243344	-0.06631942784382415	-0.00612820013387392	-0.055491220270446506	-0.008325045005322234	-0.02753578651880381	0.045903265682121004	0.04044651907047555	-0.0005494161886928551	-0.011598110936863979	-0.0029338867289019077	-0.06009060596082022	-0.012560443649583659	0.0032726558550569217	-0.010840473646080304	-0.003321389636769187	0.026166333552816463	0.0021688341848171513	-0.006367202740801558	0.0008471341275073759	0.0028847354929112676	0.001457453775413518	-0.0	0.0	0.0	0.0	0.0
ERR1459099	-0.18322579829393856	-0.07123777492827411	0.090406846116925	-0.16043819279844165	-0.056960028834342605	0.0036677093662789385	-0.10617118880844775	-0.0427239357886807	0.03432193746406139	0.08801219697564565	0.04885736847632139	0.07219787049421064	0.008227196029095957	-0.11148181288755976	-0.15243350790856847	0.1824964539443127	-0.07795790016155663	-0.04773229096286181	0.006914628816438779	0.09339387926493659	-0.03170151338943072	0.015043215873021055	0.001292884093475606	-0.12180561929249445	0.027252200075329955	0.17713442237775934	0.004241006223577669	-0.03300019412940447	-0.020848279258530295	-0.04897304580766268	-0.08390102393144593	-0.009262240878556297	-0.056585100649224084	-0.05459387115596053	-0.04296957002219989	0.030596904525328088	0.025002099276507997	-0.031054977443302677	-0.06571166612921578	0.006188476660304937	0.030533608790812666	-0.02193412150951907	0.0092290110279951	-0.009845270134122805	0.008447333880925204	0.07592062310710455	0.007181121637541067	-0.04212200892349075	-0.0466099519220592	0.017737031458725742	-0.007973980214728697	-0.011110165844216006	0.009490210511101669	-0.0	0.0	0.0	0.0	0.0
ERR1459109	-0.07437183431097971	-0.024769199869042653	-0.17663464035804108	-0.27696789665440036	-0.10925076633904246	-0.1592657100678895	0.08319556946085242	-0.10767842212186268	0.210705665247641	-0.05164932936544591	0.06128193819104123	-0.1994073315593331	-0.014191012996515467	0.045547532708708455	0.05907808847328814	-0.022978126171042723	0.0037249388821144697	0.01352093905744881	-0.03068441882699113	0.029617745039324933	0.0749518449018719	0.03710408247989721	0.09118177899066789	0.03596491101158168	-0.059659848747797506	-0.016408233097797372	-0.07977108833399582	0.00831708469520963	-0.026586119745998796	0.017037773714597856	-0.04642025425871006	-0.05150600235388543	0.08974988963026215	0.017043382853783377	-0.05115801601449279	-0.08451952475847062	0.039708797847513175	-0.01061599476184045	0.027248342531271126	0.07722282562584165	0.01626288306406417	0.005305367436023157	-0.0010282183386376208	-0.03745722261485587	0.04567176176327655	0.04961107006997009	0.049092916521184755	-0.019587686269920496	0.004867986689016799	-0.026138926439924205	0.003404544790228938	-0.0021782397159804618	-0.0027160925194259756	-0.0	0.0	0.0	0.0	0.0
ERR1459110	0.5347065963318982	0.06830223342744046	-0.06673109212914659	0.03105761842929198	-0.19030055964227338	0.049351471590775346	0.12152681248121232	0.06757318254758646	-0.01326793690986529	0.03177549537710249	0.017318180546799265	0.010403427179931354	0.00033927209532210394	0.05784469565855607	0.028502715201810292	-0.007053190674620849	0.003638128504423532	0.010251127318598017	-0.006792659898251451	0.034802130992018086	-0.023893628392515718	0.03262509998626706	0.011475252428116124	-0.008262963548933654	-0.02206138441143313	0.05456975542043695	-0.02846683888166049	0.003611019971442681	0.02959706898391431	0.028054407277715937	-0.008733565008070444	0.0012979566360197228	-0.07048536890091306	-0.0405124369590054	-0.014742447682584486	-0.007889340306556828	0.02462247717574337	0.02283142281480081	0.016055019189210977	-0.02566572646227542	-0.04255603707721979	-0.007209864777390544	0.019088997919095123	0.04270051089423146	0.0391248996416357	-0.04949952290301172	0.05502091457865776	0.025778706163736394	-0.051102619789578946	0.03908145942895912	0.023173562902836092	0.026245879725401766	0.025930033984948437	-0.0	0.0	0.0	0.0	0.0
ERR1459123	-0.25068053614077046	-0.11556484382133674	-0.2178103877554874	0.01623051026822052	0.012557069522033878	-0.04575984515419177	0.04749240647056722	-0.12382216912734835	-0.02471813992168437	-0.03841382757700363	-0.06523497584236826	0.1495141516584344	0.03007068271022674	-0.03902083137863363	0.02783177006913142	-0.10129676965634557	-0.03778452916465151	-0.03022450481910972	-0.027423904383419066	0.10069532964356406	-0.034331568637089416	0.02654950446165629	-0.00032945617112807953	0.024958351202259053	0.033040987484703715	-0.014478899337052072	-0.020050545800326936	0.00598901207806822	-0.11809615990696823	0.01967106115057307	0.011426974057655541	0.05386224343895199	-0.0004342059478151803	-0.01987795544429834	-0.04255469953293044	-0.040466513858706483	0.0014945807535928864	0.027434297501303363	0.020086353613093168	-0.0884558885524879	-0.028447670795605017	-0.04753767645413626	-0.10480244715059661	0.0575369934508232	0.023256031679038575	-0.02956730124528001	-0.00023564547795348496	-0.05596216014251476	-0.03664642721250032	-0.060098570040557166	-0.024631627329021202	0.01617615072936374	0.0035360054931467145	-0.0	0.0	0.0	0.0	0.0
ERR1459124	0.53253416321059	0.05959856035467477	-0.07710824673032667	0.00028945255353231666	-0.1520280838346654	0.10882230502163891	0.055548790374817185	0.004980707021300159	-0.012834658335125244	-0.00012885590575057612	0.011241081630884617	0.051428083783076214	-0.0006289521572616153	0.0724049403584142	0.02968991575598524	0.0029707322598531553	0.009435335795521489	0.009495453833141066	-0.00909069502228498	0.008410289302395586	0.018965034660996156	0.007682523738823967	-0.009701456572466075	0.0493308485882712	0.005288554573919065	0.07582036183768028	0.036457411104353486	0.05591284124595837	0.007360747795976838	-0.007536055453378211	0.013209379949662078	-0.02588685031436574	-0.0609997737429826	-0.08742139251102768	0.012943475112486391	0.0017828334477814557	-0.02305679726157806	-0.056647725835634384	-0.004272443322652272	-0.020593337113412786	0.09169777689346122	0.03720309552630847	-0.0439231656311598	-0.05263047090328458	-0.03569577016423445	-0.011197522854908458	-0.035006713386126334	-0.05665871572083405	0.0975657676428666	-0.016615224557946777	-0.022453157915781976	0.017222952967426194	0.003725338617738557	-0.0	0.0	0.0	0.0	0.0
ERR1459126	-0.24138621611179775	-0.06484600741180681	-0.20294402792004385	-0.05910405926939622	0.04069810273843298	0.016899640285630485	-0.04382684238328477	0.1725414583138287	-0.030765908734028367	0.047021758690473134	0.1003949873391814	-0.010166517400621815	0.007323576552402745	0.011212075579513425	-0.062246076896389134	0.09219665394759635	0.07041485077417553	0.057838236392523674	0.015840034062473154	-0.09541070990563036	-0.15899482774292198	0.10030527119061401	0.02830713616367555	0.15260789500642077	-0.15509026682908822	0.03598428728856456	0.041574074929305656	0.07360808432606157	0.06350585366304076	-0.05035294560235206	-0.047448640228465865	0.03456614858854283	0.08378071232837904	-0.014335346604356208	-0.06037673194947636	0.05599371953507385	-0.028111735682231118	0.04411119142588399	-0.012476089521611214	-0.007169354919134546	-0.010924453693855862	0.03749661095722755	0.0034670503764128993	0.030724264924958795	0.019926394026440225	-0.02583714452441286	-0.04028791860203655	-0.04958769365507184	4.066489330912297e-05	-0.009492028811092311	0.026135771517969773	-0.009199527489420316	0.0008272492779745995	-0.0	0.0	0.0	0.0	0.0
ERR1459131	-0.1356221968910322	0.06460110722916126	-0.058815934990344	-0.11247647654312559	0.07574637932193992	-0.017537901478750242	0.09259027029522658	0.48122469596355594	0.05079567083771235	0.07763790711289362	0.07579179095844932	0.14967441566055767	0.014934706272011435	-0.14940386728122756	0.007863555778055711	-0.1011333251341448	-0.05221709807013459	-0.024840908004062464	-0.04122480749976346	-0.09452064272642087	0.018712664474073226	0.023066708742641627	0.050540310447908146	-0.10915295485920015	0.015676978323682603	-0.004810292621936354	-0.01668722816700336	0.0015152424179530328	-0.03868198735412049	0.054618292952121936	0.0249848020260242	-0.03931950114898948	0.010522998249558532	0.022739578881665508	0.0017511918943145658	-0.032496511329884396	-0.03206749359926577	-0.01692118085170956	0.059902357972156234	-0.01876441847285058	0.038829650171709	0.006657041163809356	-0.031532329930325675	-0.015966620286018	-0.007941259407850653	0.02980640361285594	0.027898026072852758	0.0022358068394384254	0.0006484698632321367	0.01590525559780594	0.010598455865044865	0.013751036235039869	-0.015283687827840944	-0.0	0.0	0.0	0.0	0.0
ERR1459142	-0.2274493610336679	-0.004162225058800108	-0.012213900451912452	0.27487534951295756	-0.14619942019330195	0.027868018970857767	-0.2224387883175925	0.11537365919069834	0.05500383532596267	-0.08330045225436769	-0.003053046409633895	-0.13709690064238297	0.038413774484026525	0.09827977969304662	-0.04942188012808434	0.028768734273071195	-0.06875938808487747	0.05959942534972773	-0.02111484009328922	0.08420305687574967	0.019004553802937838	-0.013457467012671472	-0.03430628895744374	-0.10901139173893351	0.04457780592038681	0.08005767634557284	0.04755232243861892	0.008635177664341295	-0.02314120059348551	-0.03086574622873458	0.05784882330881143	-0.0756194057995829	0.08172189544060249	-0.016270765716222973	0.029085186589476432	-0.027274863582926755	0.007801185382042763	0.09995901261883738	0.0446776639507045	-0.019280661629252304	-0.0033358970963907543	-0.039341321786342615	-0.042279946706895985	-0.044437066548210793	-0.018443556067510792	-0.0434492765334416	-0.020496556435356285	-0.009588210782624201	-0.007208288588667346	-0.003460857438397161	0.00782728987301586	-0.018200516860562083	-0.02067431584792194	-0.0	0.0	0.0	0.0	0.0
ERR1459146	0.23369915428128404	-0.12504723066202986	0.018603801680383728	0.08013494783834418	0.06441604200070286	0.009415757678854131	0.062070307694671374	-0.038545583981749953	-0.012425124956827278	0.006240664315659296	-0.016478776238696136	-0.013229459059980178	0.03501835678076863	-0.08840530336856468	-0.002701962689816104	0.0822400306998863	0.06980631279888284	0.06287590538742113	0.01968135029731536	-0.03111983366134095	0.03183398849165714	0.050195696525241626	0.06321470387409427	0.0007215906655755829	0.08407336529308802	-0.1425522231312528	0.004658813853983882	-0.022230113136630588	0.005206403713404553	0.0035170112142979917	0.011140722888622483	0.008773161980135863	0.021469061809776886	0.03657977640407848	0.005882368345141031	-0.06165081730667207	0.019682056297907077	-0.01848206142465675	-0.01684786850682997	-0.027710509363439915	0.04164276037338757	-0.10266515096062694	0.07685728329388893	-0.027809768770573586	0.0350794305396946	-0.04492777772853748	-0.03543738389832462	-0.09967445086563766	-0.015469698841992719	0.06536077049195263	0.0028338109294061475	0.0030549659969467883	-0.006730530723916915	-0.0	0.0	0.0	0.0	0.0
ERR1459147	0.5244809524152769	0.0717266474920387	-0.0698894235290196	0.05688800712627424	-0.1583840153952687	-0.0013284450637736657	0.10752668853230037	0.03704433391841978	-0.01996668044974721	0.07311514199620282	-0.0013083065219942544	0.010028598290713054	-0.002918358281962411	0.0832080651992927	0.029205550816391396	-0.02532404820767393	-0.013318705481224137	0.010590200320162278	0.009184496141503275	-0.008352553361467925	0.004537298171918592	0.01548719014202922	0.013170460245924203	-0.006725990625874529	-0.03985255340482623	0.07184632328195344	0.016216798468996985	-0.01626206590123368	0.03346350726309257	0.013547610761427822	0.01372520657654863	0.021798873727594287	-0.06566916613126923	-0.03168679766049605	0.0016230278005737813	-0.028467551254565335	0.030865125764802877	0.03564761203847615	0.013526174343229518	0.009018809816921458	-0.060092496349293034	-0.02990565193576731	0.02655190664519182	0.008081968735249244	0.006933230214518022	-0.008367419359684913	0.0075502631259097746	0.011093949990818027	-0.0379088168120145	-0.009044082080059102	0.030857259865653363	-0.037468975941333284	-0.026951987844530824	-0.0	0.0	0.0	0.0	0.0
ERR1459152	-0.2527307044479242	-0.0950294033750798	-0.20466393360469198	0.09454155292658983	0.010881753420126698	-0.01309368749901745	0.0656320592352876	-0.021276242018002062	-0.0405111798795649	0.0080641648112024	-0.013848883300987559	0.14003037345107044	0.10036700049063729	0.03536203180669822	0.0025817281023793217	0.028831418747927967	-0.08530323340397139	-0.036551072494499175	-0.002969436079084355	-0.032857212334534994	0.03640335058196482	-0.040408251385656804	0.029369391590294287	-0.019358840823058332	-0.0756810662866789	0.0015554819072959925	-0.058466290261750785	0.047063957077151726	-0.016851438251081072	-0.08011876398171966	0.12926084076960004	0.004220629916436715	-0.009902762435598567	0.056530399918936915	0.06760760090230322	-0.04634834951687574	0.10274586231940831	0.04240221575602623	-0.11930301338265549	0.006067533324638296	0.0629658904710198	0.016365269791522665	0.07209166910443643	-0.027258514650140488	-0.025306692562075014	0.005617196803259734	-0.013984553535623749	0.023221521253146405	-0.008336218603581552	-0.039816849435651634	0.03134080051220723	0.02271272446385905	0.013091297989128168	-0.0	0.0	0.0	0.0	0.0
ERR1459161	-0.1493896645677591	-0.07444594740583578	-0.07478230922513206	0.020916670678130418	0.05581304177402065	-0.0493524528833323	-0.03286422487217639	-0.05721576383064984	0.020844116964346463	0.20383774003595337	0.15231301662660954	-0.03128975739930615	0.20051155218454922	0.03358748270317269	-0.05680372290876349	0.04591144323441714	0.07001162872408762	-0.007470157937548128	-0.03672111803103521	0.1274321214986331	-0.07261417869490998	-0.04926924546083716	-0.029176322960953596	0.042385189175073695	0.07701689300114706	-0.07992946947443944	0.05678070666119458	0.16012764288965783	-0.051376366641722904	0.09056686388676054	-0.0083699017882167	-0.06746088980565147	-0.0618154719033859	-0.02468384716368192	0.10732315544904314	0.0048254752410432636	-0.03935598916839487	-0.0036146850984296974	0.0503995806807258	-0.011197410574091824	0.023621573761001748	0.018725192740111418	0.04915816738557971	0.011185054512154027	0.029710002135400048	0.005591353197645622	0.04240518915722871	0.013727232776794999	0.009034840076470072	-0.01058474605318336	0.002814774581423903	-0.020486914372200692	0.003327570920844255	-0.0	0.0	0.0	0.0	0.0
ERR1459162	0.3104149925953159	-0.12410724547054483	-0.11834495927247429	-0.09483800668276277	0.11432216249406107	0.06811983816501625	-0.06728029601120504	0.036883507362206185	-0.0756718831255608	0.029930479376696812	0.041545314388183444	0.03185024279379557	-0.06532581772237199	-0.044385022582375186	-0.06417904541429287	-0.05515110694257696	0.015958813175861564	-0.03772861641605929	-0.03473404477945329	0.03301074725667823	-0.012052131333626814	-0.02419679441899402	-0.06831086111421861	0.07435357627432658	0.011258336698008712	0.01789353550491486	0.015045808361438647	-0.02132454187156525	-0.04473729951219145	0.0013294779714029456	-0.0019265063109924804	-0.010682397517688349	0.012956571110038971	-0.001130296744735794	0.000888264823042876	0.0038487855533529164	-0.017240106961800214	0.00853316443492878	-0.046602362091009104	0.0035470511459672095	-0.06646371053721704	0.01670816547739853	0.07763711297282248	0.001787639479847533	0.03191968930625893	0.020903739689195695	0.00070125197379624	0.020804682396594047	-0.007702059948304633	-0.024945084371261243	-0.04404554683934133	0.03991161064054183	-0.03521859029320223	-0.0	0.0	0.0	0.0	0.0
ERR1459172	0.3275038808819739	0.01502325026689875	-0.009392416073290048	-0.011256518115093095	0.20782075717332835	0.024520343947849736	-0.11477187867829433	-0.02258765256528184	0.1233867342438035	-0.1579049231314416	0.02601537842366233	0.011675563012731425	0.03047213659093332	-0.1537578527879815	-0.08163211705894491	-0.06625472225235861	-0.04379291611114408	0.14258707896749453	-0.07222270919238073	-0.06652142449328526	0.1134052380558511	-0.03285253930508722	-0.17147654457310565	0.13208620515755598	-0.05624892896689296	0.013206775500699	-0.035214968224039064	0.001928335032962619	-0.06399083851179899	0.03441601969397212	-0.027976339592635093	-0.024064253117739277	-0.046775440871327525	-0.02742255692723313	0.004467902281731897	0.026501885766524028	0.07581815718508837	0.052199935031990115	-0.03433544274701216	0.03859453609394446	0.05886891676402486	-0.008831355426966097	-0.029308855645038923	0.03850614854075112	-0.020734903582323255	-0.023188355183047005	0.03342325368938316	-0.0005375321523076866	-0.0015478888958510564	0.02443489310032471	0.005431865679169955	-0.023870641258182522	-0.006950106569686228	-0.0	0.0	0.0	0.0	0.0
ERR1459203	0.0358178468978993	0.11183106297105454	0.19714721220274092	0.08070445046905947	0.12457107018219031	-0.25580444996451684	0.19902410846356228	-0.006612385331309679	0.04710123363787147	0.16554649636692592	0.13878459401482607	-0.059712610239768815	0.14152366804910987	0.10493733953830264	-0.003153110965751728	-0.0418112530067562	0.0014439770888186032	-0.00469647872176551	0.008042322449116488	-0.008021685561266584	-0.0003720436534181572	0.22585732591567848	-0.10257480527682362	0.043645353933930486	0.03205778111849553	-0.006038897095899775	0.012760826582598651	-0.11678801086405598	-0.08586151052162633	-0.10103544293374539	-0.006136590857939087	-0.021761822331865046	0.0003650655889807873	-0.003456520840231347	0.011180512114693042	0.012736087780171193	-0.003594458310330422	0.017198157719568598	-0.028682432033191412	0.009519874473799133	-0.03033813948482964	-0.014270476361138	-0.03452791890949384	-0.006930650364079582	-0.04521660905657281	0.012742207856431138	-0.03602955543439787	0.01893067443994348	0.0061694690213988344	0.012878536311316531	-0.004942092019358828	0.01294725106742016	0.006886447968366856	-0.0	0.0	0.0	0.0	0.0
ERR1459204	-0.19870934874994328	0.031540000053033666	-0.11164493186784542	0.1498675724410726	0.10135738626798356	-0.045949850354101256	-0.04585003252612622	-0.14516908884353155	-0.08802466633951657	0.13861588754331663	0.008193989240484544	0.06673659182071086	-0.03422280213155925	0.009827349238238164	0.11116284107112256	0.055006269216219685	0.03165277502517078	0.0990481153892961	0.03516990331423078	-0.08363571561999189	0.032726026746500415	-0.00497506353568253	-0.04859917706835543	-0.0656817656379211	-0.05184381788351944	0.0007062040692109808	0.14040898665757187	-0.13835999417791858	0.05388278354178646	0.15395951806135302	0.02889267954356568	-0.05699584752550702	-0.027888799470618748	0.012601827269021018	-0.08548047023734753	-0.06113792275752489	-0.07156836902168658	0.03880107259245112	-0.056102970187538626	0.019183867895647064	0.006973079875263438	0.054185174420104454	-0.010801136790943772	-0.03219512206101959	-0.00803749827751359	-0.0017722076484357322	0.05047693388017027	-0.019365241431158146	-0.004880853916911834	-0.008439208030354783	-0.002092505319391041	-7.690545908845675e-05	0.0010117232233896529	-0.0	0.0	0.0	0.0	0.0
ERR2056783	-0.21124511644541982	-0.06814486568310194	-0.030549797256665973	-0.2866124168174801	-0.008395593721535938	0.027024434930591132	-0.009395136616779112	-0.012647262551474648	-0.006918873742800096	-0.1443844215776845	-0.03509785219655124	0.010930895215175627	-0.17713922772330096	0.07315764108980784	0.06811035533023511	-0.11129476832475747	0.0854695692216275	-0.039072138525074795	0.003368816307125993	-0.06128283833471315	0.0573239173490508	0.018778375312537312	-0.06604488337737849	0.05501370402857687	0.11423011535153671	0.006304869619408473	0.1068019740550006	0.0611533044084654	-0.023329904080948056	-0.08992691907816533	0.03042427783782504	-0.12268657245369033	-0.07076697684264764	0.006493333462339849	-0.01053565124602331	-0.025515419818886477	-0.08801160900612144	-0.030261637924944126	-0.02570289927533748	-0.021328479321703123	-0.006374509121991346	-0.033359798999876435	0.028979820315489267	0.007622455715181809	-0.021954455192470936	0.027823148180927976	-0.03258871884922334	0.001259974810816499	-0.040052620485648734	-0.0033017874401320025	0.0391427183032615	-0.013965326909211708	-0.0013804452845656641	-0.0	0.0	0.0	0.0	0.0
ERR2056799	-0.23698202298152277	0.029266460636357107	0.0003812142498532013	0.28508869077858573	-0.17242688833239544	0.009712775437848277	-0.11012690065416526	0.02210208061699526	0.053845361832907085	0.07359047969725868	0.021292840399884834	0.10335752467873464	0.013079626190025131	-0.03324248645332204	0.06712273210158952	-0.04540966416126111	0.2378598466937229	0.013792520600653155	-0.005299344761311088	-0.01246078196579305	0.16861533753194669	-0.06638815221193686	-0.011469719131512594	-0.005848467774995981	-0.06265047168048037	0.056604609264294205	-0.023923089371797907	0.06523536227553492	0.008196356295934714	-0.017987094229926778	-0.14661582360507092	-0.01772644139720083	0.0633503332964355	0.007872322201037164	0.06607440065992076	-0.04417524291579028	0.00045654251198287606	-0.05125014338615413	-0.04187665381222952	0.020915686843296345	-0.07163049630245026	-0.03283989692881399	-0.015887871765746037	0.029393277886075323	-0.030525183176583846	0.011892298435648407	-0.006151357229348385	-0.00025828855916365696	0.005659642759662218	0.018774639697093663	-0.00522607354837571	0.024813083208088744	0.007707399116159111	-0.0	0.0	0.0	0.0	0.0

Biplot	0	0

Site constraints	0	0
