Eigvals	58
1.100517561323272	0.4207233795607709	0.2891959341645719	0.25430085542079794	0.16106714863574886	0.08620430048386431	0.07901457492638887	0.06396083380275172	0.05986748045623032	0.04955265629249646	0.04367075647321249	0.04159387393914958	0.03701415310746277	0.03176867336400867	0.02889870595061924	0.024449845214260885	0.022344247077924588	0.02198026959618911	0.02034134385401705	0.019083740700701214	0.016250553558959942	0.01499755323060084	0.013810866272202967	0.011798502067704573	0.011130030581070476	0.010298053373207473	0.009426349981269996	0.00842399174798688	0.008100126462513534	0.007305102425661028	0.005987135769703944	0.005062349062056416	0.005007688418543828	0.00400784273305517	0.0035047177449221423	0.00283641239226097	0.0026519895017393658	0.0016193623245411293	0.000859900274370308	0.0005113481666350686	3.1606840722864104e-05	0.0	0.0	0.0	0.0	0.0	0.0	0.0	0.0	0.0	0.0	0.0	0.0	0.0	0.0	0.0	0.0	0.0

Proportion explained	58
0.3669404850314612	0.1402798523037437	0.09642526396750786	0.08479035911051012	0.053703875085801725	0.028742701564264526	0.026345464595023498	0.021326165254808	0.01996133736367314	0.016522113207082936	0.01456093853032507	0.013868453184170241	0.012341458029938248	0.010592481958196712	0.009635561985536448	0.008152198908191398	0.007450139051464019	0.0073287797216520035	0.0067823202848393375	0.006363003476755024	0.005418346980110478	0.005000564870682047	0.004604893321768785	0.003933920024104447	0.0037110346652917446	0.0034336323494020353	0.003142984315529226	0.0028087726416564963	0.002700787736087567	0.0024357065452489998	0.0019962630134159574	0.0016879156548814836	0.0016696904090993771	0.0013363164824273868	0.0011685618425514032	0.0009457318770215961	0.0008842406048445925	0.0005399364968736288	0.0002867125749240463	0.00017049645628499315	1.0538522848481e-05	0.0	0.0	0.0	0.0	0.0	0.0	0.0	0.0	0.0	0.0	0.0	0.0	0.0	0.0	0.0	0.0	0.0

Species	0	0

Site	58	58
ERR1458715	-0.33448718635028085	-0.10140918935382659	0.04694887489171693	-0.009732187457384172	-0.017263714716923333	0.011957687428266056	0.008795332674850295	-0.016497200383321198	-0.029498539517029777	-0.026204396805612155	-0.007285834168411243	-0.008210777909097855	0.012003041568162877	0.08126223968093778	0.0022002776923362942	-0.03284296827819119	-0.0016960826358079308	-0.019442661320981037	-0.008276415024901873	0.0024964313751277985	-0.017089053347450735	0.01070254440354751	0.0034520238151299026	-0.00023121135081638402	-0.009647111401357348	0.0017148121079755164	-0.0022181303108709163	0.0012616398872096818	0.007204753479961588	-0.0017936526123845937	0.006711198513281275	0.0006136340394096177	-0.0037689477137148046	0.005316281723767369	0.0014545528966333281	-0.005941264163446165	0.003964499223490282	-0.004574121697530055	-0.002029623834869045	0.0009716217987307854	-0.00017740743888393872	-0.0	0.0	0.0	0.0	0.0	0.0	0.0	0.0	0.0	0.0	0.0	0.0	0.0	0.0	0.0	0.0	0.0
ERR1458739	-0.1038636830867746	0.08037985567331478	-0.0010905007076324321	0.054551450090556536	0.06427970830866978	0.020030312210635358	-0.029343868362303932	-0.04311520731576736	-0.0021328319234935277	-0.024019505591150996	-0.07908606895802031	0.012515533398517293	-0.007307236674406127	-0.013218295356485908	0.013467384597669203	0.01767610587291227	-0.022500366145337073	-0.023539475882725855	-0.023668649853008386	0.0034504006547301327	-0.0013942769121381845	-0.023485697529086563	0.00879630235687637	-0.0026251800708219945	0.0169651841127234	-0.0010575536054603187	-0.02608166365290292	0.016657525603954382	-0.009270417889873138	0.0019750757633602736	0.006705169382406211	-0.009822967614088062	-0.000548638078826235	0.00020865684467126687	-0.008968034933397711	0.01169676460521831	0.003649183206843343	0.0028609107922765603	0.001067783029627552	-0.003900744331131854	0.00043571449504526267	-0.0	0.0	0.0	0.0	0.0	0.0	0.0	0.0	0.0	0.0	0.0	0.0	0.0	0.0	0.0	0.0	0.0
ERR1458746	0.1040470588033234	-0.014696167142985293	0.05833442310824793	0.09144024379562211	-0.0747491740675927	-0.05184126733062164	0.02139751170396073	0.013471695015225745	-0.03923497379658362	0.01590900666091155	0.0032217665451094277	-0.013601373357525919	0.020758451729955666	-0.02652730773275854	-0.0011924630374222386	-0.009754050144692333	-0.025997572132637335	-0.015629343001374685	-0.007737651859579941	0.002345037821697808	-0.010390111975453056	-0.0023959406198659707	-0.01309297715962906	0.01069992864889252	-0.014639334842664694	0.007705961287513947	0.02186283639328094	-0.001919544539293754	0.009938385832109485	-0.00805084018333254	-0.004724508444204471	-0.016416659620665273	-0.00124925554682733	-0.020845335028666742	0.012867882792585867	0.004832377025938052	0.011253971866672225	0.008205117370498331	-0.004745493468054194	-0.0036777789927994486	0.0016312832095492524	-0.0	0.0	0.0	0.0	0.0	0.0	0.0	0.0	0.0	0.0	0.0	0.0	0.0	0.0	0.0	0.0	0.0
ERR1458747	0.13988728337999878	0.031064211906820675	0.0837387715098459	0.11015960603279325	-0.07219230625753434	0.08735109265855612	-0.023113533365775134	0.010226353009813895	0.056801283808667426	0.003507742574149736	0.010138402078635589	-0.036246660593218995	-0.022500843128519153	0.014365796544106564	-0.009102181668657927	-0.02031504961179686	-0.0016324023360397687	-0.00898172895757628	0.012590254232631763	-0.0061973447923926415	-0.014503050019969732	-0.02193505130587686	0.022625486233608032	0.01084714841430142	0.025258970480334934	-0.002876620198380345	-0.00016558359106657894	-0.0010120349706295765	0.002735123662822922	-0.006546851933243821	-0.000372324403186217	0.0042869032888456	0.0037083969136339026	0.0025671233149428424	-0.0006588974981581601	0.002031208627104596	0.0005412806584123285	0.001808427195356898	0.0014968045557588595	0.0006958365665101167	-0.0008476927085483721	-0.0	0.0	0.0	0.0	0.0	0.0	0.0	0.0	0.0	0.0	0.0	0.0	0.0	0.0	0.0	0.0	0.0
ERR1458750	-0.08071451334531694	0.07213984884289239	-0.013279799699633303	0.00566442139838526	0.023094655029814348	-0.0005347958737026309	-0.029032972677445812	-0.023885092524298386	-0.010216593715154366	-0.019141059749249706	-0.005949732778397591	0.03208837248829441	-0.03827130232454879	-0.018144601703697225	0.0007515010735425531	-0.025968168577503947	0.010938980117154605	0.019593399873834093	0.004348899690150173	-0.0446491939478923	-0.01036041305271768	0.03065691372572172	-0.004929260867081258	0.04093801109319604	-0.010420607827627902	-0.00042799079394611247	-0.011288326839278995	0.00029922164285699167	0.01659533099884729	0.0004943169003505653	0.01731010571837235	0.02128751380424514	0.002093877476061679	-0.01273054424141704	-0.013915433720794632	-0.007063345968740266	0.001297116581276676	0.004857281350062055	-0.003924447282344047	0.0019028011004413269	-0.0003288651110410429	-0.0	0.0	0.0	0.0	0.0	0.0	0.0	0.0	0.0	0.0	0.0	0.0	0.0	0.0	0.0	0.0	0.0
ERR1458752	0.14592875838751126	0.01692715070217936	0.04961738804912445	-0.04092563456261154	-0.010958738402702499	0.005756298998232177	-0.008026785329950312	0.0067895364291221975	-0.004580733857046983	0.07181586582136865	-0.013735502723476898	0.010214811179523662	0.016892040397217208	0.04621400100846271	0.02571692798852021	0.04969498663442014	0.004295558282366427	-0.0012755182371387106	-0.009911906009932787	-0.016151106980398993	0.0009863601564715067	0.01708396474090394	0.028655316172455262	-0.013471781100407716	0.0005876898086606938	-0.009431858253515587	-0.017725456921005547	-0.0035998388468312763	-0.009822112260360883	-0.0009868934582332929	-0.006338223770279811	0.00013215182681422728	0.00021824353436618237	0.008118030312507091	-0.018121569886326388	-0.002561717059323081	-0.0011711520452137476	0.006546596566083454	-0.0038471172586669795	-0.002673439012495456	0.0006923137922895498	-0.0	0.0	0.0	0.0	0.0	0.0	0.0	0.0	0.0	0.0	0.0	0.0	0.0	0.0	0.0	0.0	0.0
ERR1458765	-0.037392816779536514	0.06505394492677018	-0.03243366553091959	-0.022550559155201388	0.035603662878023926	-0.02178179157951353	-0.011243199597555587	-0.020512318049171537	-3.548505410879113e-05	0.01622177264982865	0.02647968856983441	0.025016666012183216	-0.026992168368076375	0.014364250480397104	0.013000882481466981	0.004501553689690248	0.0004991892773043467	0.008005713733107295	-0.004737776657915867	-0.005681652535320064	0.02176205974407233	-0.005744267074148171	0.02228455358454036	0.021311774461646837	0.014319060364403308	0.00832688770163053	1.2606513637994385e-05	-0.019807473214917132	0.000784407268764447	-0.026457520796405263	0.0013674598882421384	-0.003767121617083726	0.00011045951044221643	0.007151731390518346	0.022716472748980164	-0.011753779924842578	-0.015951919728616967	0.009494022831462605	-0.0021240477909701626	-0.005252901073990123	-0.00040568069997135893	-0.0	0.0	0.0	0.0	0.0	0.0	0.0	0.0	0.0	0.0	0.0	0.0	0.0	0.0	0.0	0.0	0.0
ERR1458793	0.1367628768768378	0.04150812687037409	0.04881479533451636	-0.12581783701856647	0.01157960573798678	0.022271045417280786	-0.013628788162308031	0.03188393380277826	0.007995425939267645	0.035786112645978474	-0.011748731490502524	-0.00948545657733528	-0.02803319334405264	0.02504742374450191	-0.010229461657289003	-0.028302769950561087	0.003621409213240927	-0.011581790525420044	0.00934838428831127	-0.0057444298553621116	-0.0001447648548855471	-0.011366679721269604	-0.05411319810802553	0.022236134834117235	0.01307092296716827	0.021505140984672995	-0.001758484106649161	-0.01393266407586635	-0.011137570278776637	0.00821202559262928	-0.013329289233334459	-0.006031984998298616	0.004257595993292361	0.0013130753251559873	-0.007380183823926282	0.0036855467808073195	-0.00930141910713538	0.0013886351496051525	0.006470384572372595	-0.004231565886203059	-0.0003233329260050376	-0.0	0.0	0.0	0.0	0.0	0.0	0.0	0.0	0.0	0.0	0.0	0.0	0.0	0.0	0.0	0.0	0.0
ERR1458809	0.08902732315682557	-0.03695021404938033	0.05695797498047117	-0.015702342874523496	0.023850941282693446	-0.08255990075988139	0.020794591341836283	-0.03610419962055419	0.009049151754466191	-0.042354281256271775	-0.004758032642189343	0.022306757630152274	0.00519311560439259	0.03569186249879568	-0.022473658842414274	-0.011663200208542631	-0.004777411037739832	-0.012688301795973583	0.06230296287139306	0.0016301082811860986	0.01030215476378308	0.004306825389257296	-0.0026666359025903008	-0.011864163131941023	-0.005666079928572336	0.007625112299058769	-0.010617489809145118	0.008998056717156507	-0.0021601577952605634	-0.006308857022176822	-0.005799059448826183	-0.013742449851227941	-0.002094090636644935	-0.007582875619241754	-0.0021724398914488552	-0.011205200253839821	0.0036141168716976755	0.008056278420826759	0.00314350871631096	-0.00022095309421512024	-0.00014116085631279995	-0.0	0.0	0.0	0.0	0.0	0.0	0.0	0.0	0.0	0.0	0.0	0.0	0.0	0.0	0.0	0.0	0.0
ERR1458829	0.055739293863765665	0.016468862807606295	0.007614911111223842	-0.09832772901805178	0.038498866808951863	0.03696055646270542	-0.026007728196064804	0.0133163937389217	0.02961345142446157	0.008715293044519196	0.015454110891614798	0.027415338617205926	0.01754790966456933	-0.017571609357340312	0.005440090293909996	-0.018380969129409452	0.027759450338621237	-0.006480773298150413	0.006812716029391241	0.0300013431914729	-0.004469473517011701	-0.022065761773069847	0.0066113394018233055	-0.0008331074884122447	-0.0149626065069687	0.007708696097711283	-0.002645697049961398	-0.007764829814475043	0.017096151235888545	-0.009845610679022638	-0.006962997629390258	0.018864249091222945	-0.018718010649784296	0.008096419523881035	0.00826727502529637	0.014126446119374773	0.016803567983592227	0.007616714626490401	-0.003913740314406977	-0.00046535988119730717	-0.0012358411816938565	-0.0	0.0	0.0	0.0	0.0	0.0	0.0	0.0	0.0	0.0	0.0	0.0	0.0	0.0	0.0	0.0	0.0
ERR1458831	-0.11803868857552734	0.06495186735535972	-0.017112860338298327	0.03383916788280088	-0.02992817952480168	-0.004092146817654138	0.0020664834641153378	0.02170185031500124	-0.028653045940974748	0.00910803788371083	-0.005008765555498005	0.0068927395867144775	-0.010034657740238026	0.013575930028140283	-0.03271755255796507	0.014547765180055702	0.0031392868966937733	0.01397130398444355	0.013061977311779525	0.004159302641895906	-0.0212503549643592	0.0039797807784693025	0.005241461213303938	0.009139873191881358	-0.004662263896263785	-0.0026344170827816297	0.012296582683967541	-0.0065620333471960455	-0.01815358461878723	-0.012993791983130915	-0.0019317394640826892	0.004565786553806269	-0.010238294630580624	-0.012164265909226183	-0.011950814084405115	0.006574468014824601	0.0035577442114786777	-0.006241682869251298	0.002589191163722456	-0.003279554613366024	-0.0002575294055579354	-0.0	0.0	0.0	0.0	0.0	0.0	0.0	0.0	0.0	0.0	0.0	0.0	0.0	0.0	0.0	0.0	0.0
ERR1458855	0.11981757914331435	-0.009280338495457577	0.048165457345638915	0.08520294819343202	-0.0358157667282615	-0.04245462160780966	0.03912987159153918	-0.008785875817310695	-0.025241812898070887	0.014302976027408227	0.022770159627561265	-0.00011779523469514199	0.015307968591013372	0.00357758181814751	0.005755312725546936	0.008708753964441728	-0.01707592445437388	-0.029854498409907542	-0.021128414707363406	-0.01554838895011109	0.04143430169294037	-0.005319815658503883	-0.007670221268657794	0.017920829467033154	0.012946128868907452	0.010883056899448764	-0.0038885882373689827	-0.01749241752091006	0.004394695502783435	-0.0016376627810149942	0.014295599057412074	0.00686914132147752	-0.03392966795007067	0.007575408980110694	-0.002565145765271313	0.002941317463363266	-0.0005343286541423751	-0.011752977014570558	0.007589404662996435	0.0038898176863436124	0.00013570042318347152	-0.0	0.0	0.0	0.0	0.0	0.0	0.0	0.0	0.0	0.0	0.0	0.0	0.0	0.0	0.0	0.0	0.0
ERR1458857	-0.29849212756293697	-0.4362284364101535	0.11687633145915781	0.00648175756155657	0.09618998571798021	0.03655557813568883	-0.011030819811959464	0.04916973417335415	-0.010685959556938357	-0.0031739932429396497	0.012842413058333477	0.0022457881464637217	0.008451666942694116	0.004090231749305795	0.017981389062257894	0.008697188070138001	0.00943754513816342	0.015426126099192547	0.008504035026854855	-0.003647002755807419	0.002115793074917454	-0.01435845070532122	-0.0022896479901812405	-0.0010613771295100297	0.005933130311961858	0.006036911196679972	-0.007571155152626843	-0.009488798681358962	0.0033518870440142202	0.00483962279870195	-0.0022624473618623863	0.0002595912610991783	-0.0012134860369102008	-0.0037612276661621426	-0.00045801377027368214	0.003059269353245386	-0.001252113912265995	0.000874998527635124	0.00037918345669111863	0.0010358704188476284	0.0003597604484857535	-0.0	0.0	0.0	0.0	0.0	0.0	0.0	0.0	0.0	0.0	0.0	0.0	0.0	0.0	0.0	0.0	0.0
ERR1458868	-0.014978750010307887	0.05632209200287703	0.0037164150238717048	0.027973837360679706	0.06493636062969384	-0.016331828909234587	-0.015009450150664702	-0.04454571820155616	0.0058267746444706165	0.05421002786859936	0.03402348354246839	0.034617138641298034	0.025794822675947453	0.03438739975924463	0.01357939159121587	0.004678129007026225	0.0019479906154607808	-0.031458346981663936	-0.004238694062304798	-0.023365460447309815	-0.03605498372242532	0.011554282979562257	0.001785276426334562	-0.018747241005730293	-0.002556834256947624	-0.0018961084357291336	-0.00746984291512866	-0.0005984380823641409	0.00295054662733484	0.005231913243940197	-0.0011111789448926533	0.00844768496378875	0.009163240092789597	-0.013228516732945896	0.008062184920514727	0.009669507219154648	0.0012405735160706908	-6.502555487942996e-05	0.00894558101041125	0.0007802816948000073	0.00014782897043919265	-0.0	0.0	0.0	0.0	0.0	0.0	0.0	0.0	0.0	0.0	0.0	0.0	0.0	0.0	0.0	0.0	0.0
ERR1458871	0.028366170257726222	0.036411950637626304	0.032579576712553196	0.04225932315960097	-0.04222899091969873	0.023207512560563155	-0.0752580837647757	-0.007099035242714388	0.022116741056065172	0.027878114710148755	0.013945908772379379	-0.005504144321298613	0.003894282318708402	-0.0019746460317380055	-0.001544565532013236	-7.188575648404321e-05	-0.020471008584551555	0.006585979940739838	0.0025009788572187422	0.0013351565901295523	-0.002777657471753364	-0.014351834386605429	0.008750123619305127	-0.010790627256779796	-0.019119186387263603	0.006172548568941546	0.005830853429500848	-0.01535088970970444	0.010926011558074392	-0.007116210476403061	0.011504579662686415	-0.012910458032411684	-0.0008780865404351845	-0.0042855097146710965	-0.002982836618022453	-0.0131073033517883	-0.00041688357100383726	-0.008860681616853057	0.0024872270580379293	-0.0027509148182937545	0.00039282373387729497	-0.0	0.0	0.0	0.0	0.0	0.0	0.0	0.0	0.0	0.0	0.0	0.0	0.0	0.0	0.0	0.0	0.0
ERR1458881	-0.19834531046066026	0.041092974213513385	-0.03495006911333149	0.008736358844367674	-0.034758982041437715	0.038291799252381534	0.00911660239620462	0.0067958396037008225	-0.02125342788929024	-0.029073328615500757	0.0038865614910959423	-0.0033102060138058484	0.019009002132576634	0.00778846222528748	0.005821831125220487	-0.005306610134845629	-0.009144656317365671	-0.016895037037902513	-0.031487778194764844	-0.0019992519056927257	0.01934505148992774	0.00797531080184754	-0.008904312977752364	-0.010280605294833847	0.018781436221428773	-0.014584886124146117	0.0020682603323905315	-0.009338684039492055	-0.00583427114350281	-0.01601801168769052	-0.0029114830293582097	-0.015112106307608925	0.006568408224345818	-0.00368332206555999	0.0007227061143895879	-0.0029742811430097968	0.011967441099607531	0.00878045813397989	0.0022100961785578095	0.004192306813065157	-0.0018752565515824003	-0.0	0.0	0.0	0.0	0.0	0.0	0.0	0.0	0.0	0.0	0.0	0.0	0.0	0.0	0.0	0.0	0.0
ERR1458883	0.059469474623639995	-0.09878846867591684	-0.055686552925005454	0.03954257612904421	0.07008192399134974	0.00038144183036684944	-0.04310223129867457	0.019980167194009017	-0.027608209519390595	-0.04428814135431717	0.06486357572729409	-0.04409257687889766	-0.01619220516839119	-0.025571352879236304	-0.05239912337264794	0.04855515698759702	-0.02128311346965969	0.01029033331129332	0.00560793134178064	0.009844232266367967	-0.004637840699880641	0.005631695997033466	-0.01723004026760507	-0.0007959491586759597	-0.004945081586141248	-0.012691218174422285	-0.02358805650730784	-0.003176693307693574	0.0031668064202527027	-0.006919171428215478	-0.0003921089504096833	0.005425452435166685	0.00824350866735456	-0.00042260316542241634	-0.0007283367226736642	-0.0034436475420327258	-0.002121915824472058	0.0014711252646936641	0.005091563691222519	-0.0030737052370573437	-3.070069133083618e-05	-0.0	0.0	0.0	0.0	0.0	0.0	0.0	0.0	0.0	0.0	0.0	0.0	0.0	0.0	0.0	0.0	0.0
ERR1458893	0.07866676869283291	0.013294322760625433	0.0028282635932618747	-0.07907452675684223	0.011818495744143271	0.01789634017433829	-0.05136492152807005	0.02060502786103588	-0.021820702335487763	0.05348301335550032	-0.007234164175556806	-0.027482606571287236	0.00132614462170909	-0.009966268912582827	-0.011216585125931863	0.003584026822904752	0.0381902515237667	0.03760795266602439	0.01731107108691209	-0.011388520424147383	-0.0065138115382237715	0.00545081031123008	0.016492754407257466	0.010047145491358274	0.005082011491530469	0.018166950939966058	-0.004240814092908133	0.029178268018633696	0.006787961251251374	0.003531022023430805	-0.003202648555846913	-0.021938102808146433	-0.012256730532546929	-0.0057257492744607775	0.00800930221674966	0.005042822500423799	0.0033701262033463686	-0.0012757526357773216	0.006092600115602254	0.005036526379512522	7.537622282547509e-05	-0.0	0.0	0.0	0.0	0.0	0.0	0.0	0.0	0.0	0.0	0.0	0.0	0.0	0.0	0.0	0.0	0.0
ERR1458899	0.11816331065318775	0.005939083581929039	0.02250033509768593	-0.08903856873397228	0.019049200907844163	-0.009871366783517884	0.07079013776574065	0.03860910481883192	-0.05676522838606943	0.011462630194050616	0.008276480770117682	-0.020873853155794236	-0.06089506634264141	-0.011569400819060443	0.002512938861785973	0.01638358969454952	0.0016250562175942258	-0.007622906743464997	-0.02560074895019049	0.02925021244586802	0.011456134016260404	0.0004090323593867447	0.029309884394498057	0.001471965534754912	-0.021068054849406697	-0.018777951129056242	-0.004697444518453157	-0.00802977294175282	0.019710067562767285	0.023138004519033414	0.00951877075833129	-0.011557482369777172	-0.002564959400801292	-0.0017656782810526	-0.004084464524923771	0.004519469960906138	-0.0032260943058564566	0.006523780161012499	0.0010027282677938054	-0.00043733387093287024	-0.0005506286888444383	-0.0	0.0	0.0	0.0	0.0	0.0	0.0	0.0	0.0	0.0	0.0	0.0	0.0	0.0	0.0	0.0	0.0
ERR1458906	0.16762594527668678	-0.15251122402492787	-0.2556770358027297	0.024773642125754437	-0.06028603992715589	0.011277321576485711	0.04526107920375704	-0.0811821532338247	0.04955492721597895	-0.023271050951100908	0.02023566090713562	-0.012918158441466857	0.012182717479449691	0.03354307616730131	0.012568058479072382	-0.007622744465492442	0.005279497316188086	0.009718624041662153	0.013658488585035836	0.03553677651136797	0.00984474307021118	0.005863490796040525	0.013871694632245898	0.006149319352430928	0.005759186718188799	0.008155973962173695	-0.006486139639367932	-0.0039085944105234464	0.0014357305888828857	0.013009473596439558	-0.013647345497154932	-0.0007324284606088042	-0.005054818530701627	-0.004412595263695599	-0.004667742406638154	0.001678156876111882	-0.0027673135851537787	0.0008642599936803269	0.0001287910059391241	-0.0006547796544416589	0.00037230807290417934	-0.0	0.0	0.0	0.0	0.0	0.0	0.0	0.0	0.0	0.0	0.0	0.0	0.0	0.0	0.0	0.0	0.0
ERR1458915	-0.17267647399622105	0.179794061766892	-0.06648743803589763	0.013613073686002126	0.0595153259968318	-0.07953343329003837	-0.0329764894798736	0.1266003693401811	0.038508825624258856	-0.059905360366782186	-0.005850376653945827	-0.03497951767184887	0.04843895972623066	0.04029284728030512	0.00819418706031823	-0.004339498580820018	0.005748518313074019	0.003302559896492028	-0.0003451965247167526	0.0006044856761052397	0.007253459257666185	-0.01964106919661345	0.02185230220778724	0.016143865147543655	0.002927183561293139	-0.0009619673607993175	0.00105136090984165	-0.00654273515220398	8.095817529010027e-05	0.012912584688242967	0.0032608142563297447	0.0024772322953140503	0.003893956785323944	-0.00751546513823572	0.00027645281519279863	0.0033758910941068315	-0.00371252365812393	0.001741395021095941	0.0007348850924527317	-0.0007315643775939914	0.000540446589704777	-0.0	0.0	0.0	0.0	0.0	0.0	0.0	0.0	0.0	0.0	0.0	0.0	0.0	0.0	0.0	0.0	0.0
ERR1458929	-0.41688509963667386	-0.13329782975908105	0.09428515102413304	-0.015127357492825576	-0.022039496201730912	-0.05899167389552026	0.02869199912627881	-0.037509446146666396	0.10503115098690383	0.05292370334118154	-0.029787974041111307	-0.007449391783517263	-0.0420740520885723	-0.03360050931153666	0.0033076570024664605	0.009196685084395452	-0.015519571091058823	0.001102349740196553	-0.00805752267133597	-0.004012387907626422	0.008700069635398829	-0.0046900874168521465	0.0036410278024019134	0.009130453528562033	-0.0030048708904370646	-0.006843776758748071	0.015948569333350055	0.007879336738677887	-0.004677319893546137	-0.0012685768697529014	-0.0009266946049657676	-0.0006129698132018903	-0.0007332158367793906	-0.0034081367037902396	-0.000656417187649433	0.0005332771262503104	-0.003440321582380255	0.003269525808972334	0.0015443401985951385	-0.0014341959080195802	-0.00018051263556407272	-0.0	0.0	0.0	0.0	0.0	0.0	0.0	0.0	0.0	0.0	0.0	0.0	0.0	0.0	0.0	0.0	0.0
ERR1458931	-0.04941424549085159	-0.045311251855952056	-0.1465686733549219	0.018809688355930373	0.020565506264616857	0.0058648385016359834	-0.04090757503039096	-0.009743312668902295	-0.011837413548624503	0.017561799770971907	0.03788307275014126	0.03985226132920389	-0.006853165905050525	-0.0068095336797517215	-0.016361423717291185	0.012194564760551167	-0.021952844776614733	0.0007234600533011921	-0.014411491899275587	-0.023919625963031314	0.014268732003729304	-0.014399549188560406	-0.0014449070565185128	0.006912496688002769	0.0021641236645956368	-0.00800330429127401	0.0015108268687272996	0.009580311141522285	0.006072640072115858	0.019059943866945595	-0.0029696727354566227	0.0038911908206826595	0.005657280141318114	0.003124612792080077	0.00655927549005429	-0.004454350175437585	0.01317200546319797	-0.006445018511474775	0.0004678781401812273	-0.001407657160128607	-0.00023228785484123824	-0.0	0.0	0.0	0.0	0.0	0.0	0.0	0.0	0.0	0.0	0.0	0.0	0.0	0.0	0.0	0.0	0.0
ERR1458936	0.11289897921757132	-0.014940940586815278	0.05229293846655072	0.031244499235239108	-0.011541543413165522	-0.04175797634870439	0.005154527678077357	-0.017758571312303906	0.008504208927091328	-0.015742622504725388	-0.010773709595585915	0.01165921033870554	0.01963297896435136	0.0012622430615478629	0.011635229160719854	0.006906187333100137	0.006062961301113057	0.021412030525471245	-0.003604325638312535	0.029109311403212712	-0.0346648642476141	0.0017977857206691345	-0.01649056380983246	-0.010274576029857815	0.024509595391193923	0.004198110878284839	0.005097354194811246	-0.0037302305410062044	0.015570476702576929	0.012706467964441184	0.03837314928056321	-0.013411099361702521	0.0055521800231898765	-0.0010448908787241004	-0.0005726801275222956	0.0018353086756431522	-0.0071130815849164575	-0.0010989361173748106	-0.0012984214170609506	0.001600130533455182	-0.0017575687971735066	-0.0	0.0	0.0	0.0	0.0	0.0	0.0	0.0	0.0	0.0	0.0	0.0	0.0	0.0	0.0	0.0	0.0
ERR1458937	0.025069661989402893	-0.021172447458377538	-0.038605850097814684	0.14176008152861647	0.03835741979697004	-0.009804255779566052	-0.058309068204838346	-0.01301991631730243	-0.008988730810083103	0.05871011308344777	0.015227561447793572	0.021319086608721647	0.046877272264995225	-0.0013546547649054231	0.00781861979515293	0.022119793351465553	0.032589698591588584	0.009283593202055636	0.007039306165313643	0.02482155333407826	0.007840465284106299	0.01527200449839335	-0.017667975893210307	0.021867586524976217	0.00037442549604074	-0.007044837117964624	0.021338065838938675	-0.008564963893052058	-0.0013886690036241877	0.0004399883160609879	0.001513025130396654	-0.010571757097717007	0.0065484759865101294	0.010674720786508496	-0.013846402459577759	-0.0026330583387150315	0.007203970803253606	0.00467467941541603	-0.0039391585942069336	-0.0006325979611176721	-0.0002942051817680737	-0.0	0.0	0.0	0.0	0.0	0.0	0.0	0.0	0.0	0.0	0.0	0.0	0.0	0.0	0.0	0.0	0.0
ERR1458942	-0.03710826531180037	0.011683004747775004	0.01356387598459679	-0.05437188420958592	-0.03824070713365261	0.0032611347707874857	-0.057950505785096036	-0.03143141222110777	0.036816979394751946	-0.011715349833919494	0.0533902487371004	-0.024993455972183547	-0.008160717318594891	-0.006500980704720294	-0.037364033092816135	0.0061222766926991275	0.02016596331748903	-0.037985911184576296	-0.01901323025837241	-0.0024001787277467485	0.0067760618016932984	0.006095483676340927	0.0049119756800473915	-0.008390205756785452	0.00991525159268232	-0.008663318749138326	0.004509932575356256	-0.0028320543627422022	-0.005263971145320953	0.005002276792562162	-0.009208895229405458	-0.0025152962925957816	-0.01192484849455337	-0.02448494593496309	-0.008799193281536182	0.006512049123789784	-0.01189108495623972	-0.002784889412520246	-0.011099228907041672	0.002846968454020011	-0.0003404950794516074	-0.0	0.0	0.0	0.0	0.0	0.0	0.0	0.0	0.0	0.0	0.0	0.0	0.0	0.0	0.0	0.0	0.0
ERR1458974	-0.047990187211219115	0.04846531547585926	-0.007991109912418599	0.04007804089136421	0.007937992872186446	-0.037059493198304934	-0.020242862374018067	-0.009517002761398921	-0.02470345743295503	0.02091055833400339	-0.01677712488524635	0.017015222327728667	-0.026830254683334036	0.0005883575136585345	-0.012816658436929715	-0.008151302630461968	-0.0006931746941982734	-0.006015080489319234	0.014300547012866647	-0.001792078881423758	0.02751504033882901	-0.00035411350956594893	0.0038635694263579406	-0.0006519271403083187	-0.004758399943962822	0.0042074021480997025	-0.031382399437956884	0.008613161714869144	-0.01642868504445786	0.014141305472546509	-0.002973977060766979	-0.006186816338186263	-9.92648292881435e-05	-0.0012273724612010992	0.015152319500383178	0.002230963489238344	0.0086577545167841	-0.0059164570463374495	-0.004634949521143017	-0.00047043985321669517	-0.0011058029686870912	-0.0	0.0	0.0	0.0	0.0	0.0	0.0	0.0	0.0	0.0	0.0	0.0	0.0	0.0	0.0	0.0	0.0
ERR1458980	-0.058469591403182954	0.060463066032587075	-0.006414518327987598	-0.008038022087879198	0.005043651802376268	-0.027780629711272126	-0.007760360452029556	-0.018796501012891004	0.003780060730568722	-0.0196777081344919	0.027341813554558832	0.037049617245438086	-0.03252686016532383	0.01414427483073588	-0.04759277392183946	-0.006365669688010392	-0.01744635174693404	0.022030340947569123	-0.012222107029532657	-0.015395940578005416	0.007153332575865006	-0.010094937444350983	0.005407914648413984	-0.015343990496130262	0.004366707556386983	0.0237355219184705	0.014092508404492502	0.0015764188836824829	0.019699276347897525	-0.0038438082206319175	-0.00456355798589599	-0.009023125603969392	0.010640653223917327	0.019867579530730865	-0.01010820010663807	0.013625486168570764	-0.0032611679824812584	0.005464565913798432	-0.0013290712328716046	0.00792609460932593	0.001778868431901112	-0.0	0.0	0.0	0.0	0.0	0.0	0.0	0.0	0.0	0.0	0.0	0.0	0.0	0.0	0.0	0.0	0.0
ERR1458992	0.04762866973490529	0.03762057774021219	0.010486899076104473	-0.09444817356836818	0.08783142868353858	0.03486906527929139	0.013721802350900838	-0.03509747161864074	0.0036495159760841106	-0.009939266797766322	0.0058039977545456655	0.0018957440818860559	0.039748843316580025	-0.022198104938188953	0.005682029626484712	-0.01429740382578715	-0.018370191398764786	-0.0018318712213725693	0.03704875834446323	-0.013722001953407049	0.030467097398452835	-0.020641226905410696	0.026615482939830095	-0.0027229666414946155	-0.015165504672449339	-0.018076028304464684	0.036525811495533	0.0033931304033486638	-0.01203282168320743	0.010142715030550505	0.012933499809559695	0.003192056693884616	0.000575451926214378	-0.0034663346986022175	-0.008398490898458011	-0.005597215565323372	0.001461974323478014	0.002030436147649616	0.005697063038664428	0.0016775834515333774	-0.00011773826333432737	-0.0	0.0	0.0	0.0	0.0	0.0	0.0	0.0	0.0	0.0	0.0	0.0	0.0	0.0	0.0	0.0	0.0
ERR1458999	0.03121036413481155	0.013955024885839776	-0.028702540994186454	0.027064013108851457	0.1265145413147544	0.025637926666178815	-0.00023645668200447442	-0.00431877328932278	-0.003797183991142142	0.029299111477921896	-0.022029341139689105	-0.00831860342982872	0.036206768608059985	-0.03950133072227089	-0.027329663647600887	-0.0404838569808132	0.02076828855325057	-0.027354883060028742	-0.023154919058463695	0.024593484893360024	-0.00213474218231053	-0.006467972883281799	0.002614870705146881	-0.02329861557809772	-0.005386506931261924	0.010822632247619606	-0.012674287868037398	0.01409637865566554	0.011728043306466807	-0.018206406721561506	0.004653608110349112	0.003753993257957195	-0.006271033306184155	-0.0014258501970944597	-0.003651620247641971	-0.0147524322346371	-0.013543258540052058	-0.0031096623499607618	-0.0008296638132606857	-0.0012380368255369134	0.0007866586219517822	-0.0	0.0	0.0	0.0	0.0	0.0	0.0	0.0	0.0	0.0	0.0	0.0	0.0	0.0	0.0	0.0	0.0
ERR1459008	0.06967897473438693	-0.036064308297539455	0.0386345637008308	-0.1497157462056835	-0.02269217281486578	0.0552071027604935	0.031211662649302575	0.02968421652288216	0.0040032405489814505	0.00148446019812842	0.02853573751831194	0.014822255968552803	0.043636510886655294	0.008168705885319998	-0.02997342538870758	0.0009022062561754128	-0.015825342026956596	-0.010184355187335284	0.005756710005714943	-0.024412204960049786	0.020425870347586087	0.019772955005625547	-0.01619889535086347	-0.007923649303539903	0.0139863600446789	0.005695123887718402	0.004586810725037929	0.017225209704906725	-0.00937112836542387	0.008572640175334507	0.02496976435898744	0.0004515820597217693	0.003504204713756406	0.007619137049921873	0.007805958808664191	0.004227436276535351	-0.0012821287855546955	0.0007111306999702111	-0.008777278897808384	-0.005357970797834178	0.0003678354831115912	-0.0	0.0	0.0	0.0	0.0	0.0	0.0	0.0	0.0	0.0	0.0	0.0	0.0	0.0	0.0	0.0	0.0
ERR1459017	-0.17988412106809784	0.11961002130045603	-0.06596587475657932	-0.04662673969907003	-0.013648864808829772	-0.060453816873220614	0.082006950960833	0.039040332856288974	0.0881545192324522	0.046531272219647646	0.024113936567934736	-0.024491108784922264	0.023011522698451366	-0.027494260564386048	-0.012256706669935863	0.014272551287857897	-0.00759881358145364	0.025550851628322914	0.00668038067777053	0.004642149392384344	-0.008915113444654376	0.00950492887432962	-0.020052377106489192	-0.01931053477396762	0.00964870900459858	-0.0036438197155382354	-0.017221093661559397	0.0005436557576652337	-0.00414938756251374	-0.0036317157977776987	0.002618602909543719	0.00649535348995864	-0.004707758387751141	0.0038019110503167506	-0.0009301012262568115	-0.0039847392038446965	0.007724957700541306	-0.0010082699534654808	-2.7463619653412563e-05	0.0017275565800895956	-4.1336850412991605e-05	-0.0	0.0	0.0	0.0	0.0	0.0	0.0	0.0	0.0	0.0	0.0	0.0	0.0	0.0	0.0	0.0	0.0
ERR1459028	-0.09945930185303066	0.009337483798755639	-0.024807919319197246	-0.04770942749225479	-0.09466314409196788	-0.018767195014149567	-0.017302361152095058	-0.04429171985224715	-0.0031487949691268754	-0.015173738260031119	0.00599008182671327	-0.014263918131001554	0.0033541439362900776	-0.020076451383145528	0.0038049534752162078	-0.009487380381163372	-0.01349391372504528	0.0031260526332551283	0.011940173088827236	0.025434343473935257	-0.00041179252307408965	-0.005129481562970074	0.004869172276007946	0.014550632953322722	0.003675791034335953	0.009777789684499293	-0.00981585464071207	0.021210562882721377	0.015958215214687224	0.00039031516010749217	0.007417463912978359	0.003974541467010854	0.006645407029063096	0.007955381500420945	-0.006006188122305784	0.004017778556199095	0.0013017923204686514	-0.0011340172708738294	0.003559393258991838	-0.0057969700797460425	-0.00028212234599728594	-0.0	0.0	0.0	0.0	0.0	0.0	0.0	0.0	0.0	0.0	0.0	0.0	0.0	0.0	0.0	0.0	0.0
ERR1459033	0.1195067756414284	0.013341008397633409	0.06696645424314782	-0.009364301172031663	-0.011651662637855777	0.022176898305692683	-0.0009214741212727951	0.029052477002489165	0.010540987733140673	-0.0008648720785131865	-0.006527836874995486	0.07362820952564746	0.0223307105841163	0.01716479224553624	-0.011561111648307502	-0.019793549508147705	-0.04724894321985659	0.02848379227190242	-0.04004697766636528	0.03663574789965141	0.0015046229467994409	-0.018519497509416928	-0.02238037759262237	0.013962213859961188	-0.016847131688874768	-0.014587954252749774	-0.005097609451041995	0.016651323001037464	-0.007319725768176301	0.005860948934961867	-0.01928902209200522	0.002802758027778043	-0.003037572042795689	-0.005403940346487356	-0.00622006087217497	-0.006243128229611085	-0.005804771916739124	0.0010702850585383654	-0.0003432940166447521	0.002650797645873705	-0.0004621414897194273	-0.0	0.0	0.0	0.0	0.0	0.0	0.0	0.0	0.0	0.0	0.0	0.0	0.0	0.0	0.0	0.0	0.0
ERR1459034	0.12153040335225457	0.04107571992435095	0.03391549267726378	-0.00650305900433556	0.10778959932193598	0.009352190691530395	0.04151606233338283	-0.06379446416891876	-0.021033250657657654	-0.004354791551507398	-0.0657286835209211	-0.059106786262997986	0.002119310478620855	0.0010424055040309079	-0.032634233725095656	0.0021998201544691487	0.003281890721470499	0.015797410897758164	0.004852936374291828	-0.022877585358420174	0.005564634188940219	-0.01677412327524575	-0.016794829827134223	-0.009559814052378738	0.021989067649576324	-0.011808800836377871	0.00906573748772582	-0.024580993533326906	0.016527485427217332	0.008009256371064883	-0.015267692304585924	0.0037610260999179908	0.004424944473726415	-0.0014438513287705912	0.00020642156175311628	-0.002004098792754756	0.008709895433747694	-0.002417310825283486	-0.004505993882980606	-0.0008698701098849384	-0.00027211720387417947	-0.0	0.0	0.0	0.0	0.0	0.0	0.0	0.0	0.0	0.0	0.0	0.0	0.0	0.0	0.0	0.0	0.0
ERR1459035	0.08196333837796932	0.03755756429068479	0.03363636221442945	-0.07490096636073217	0.07103168206126378	0.027650975685364877	-0.02862752119432423	0.004941908347844918	0.012876530606286981	-0.04966002455021806	0.005542300427503249	0.004228101911726952	-0.022257014723149383	-0.039130006305971056	0.04317374092702317	0.011414604531341816	-0.04628649592696465	-0.008866991128301034	0.00944260639059584	0.012136804482415709	-0.0361845261803004	0.03851578808371016	0.006416977349353069	0.0018885790907895831	0.014313028942176158	0.021388482185932842	0.00678893613162438	-0.012992601893073585	-0.017685301604118277	0.011580266288186241	-0.007542313923755398	-0.00425565282357528	-0.020287913643688656	0.005246602093173446	-0.0008909090395050247	-0.008802210889647189	0.006293390158316621	0.0010271153044806311	-0.0012393053745743546	0.00159364138728422	0.0005221912615694685	-0.0	0.0	0.0	0.0	0.0	0.0	0.0	0.0	0.0	0.0	0.0	0.0	0.0	0.0	0.0	0.0	0.0
ERR1459037	0.12847159921572315	0.02270987672366785	0.01827153834137441	-0.06976265013229371	0.07117471675159955	0.010135330898423308	0.03539940011537509	-0.03076754692224403	-0.01294406337538449	0.004055426604858779	0.006962815838153976	-0.02558857388417072	-0.0063311121092571995	0.016827977774034473	0.03778174375889138	0.041783261637146095	-0.001446895038752947	-0.006470883005322694	-0.0018549790372188936	0.031618230175854786	0.007668780240701817	-0.00913474097962197	-0.010101398702306573	0.031028248794411503	0.008528872523731348	0.0034326283458190857	0.007463223818003725	0.02144866214612084	-0.01129107339970599	-0.024516777622083378	0.005689997033443594	0.012887019512440097	0.020520716840393246	-0.010955309406040763	0.008321769819032732	0.0036954426520048197	-0.0005322673107842523	-0.005924571249690805	-0.0018964770173609288	0.00683274362165489	0.0006840027967572123	-0.0	0.0	0.0	0.0	0.0	0.0	0.0	0.0	0.0	0.0	0.0	0.0	0.0	0.0	0.0	0.0	0.0
ERR1459045	0.0798353001465434	-0.029218930476141786	0.06001566424114281	-0.06917238299390781	-0.01692772404252576	-0.03308210810052529	0.057095128431088334	0.002720045505923772	-0.009045299242361114	-0.05635421295743517	-0.00771053614302827	0.06044462082052278	-0.012874732209704096	0.007236651234361175	-0.038517113566296966	0.03077278709699759	0.04184114032344051	0.013059570837977985	-0.012641017878071368	-0.00037135011003424886	-0.024698669337889775	-0.011318465083817498	0.017065104715560313	0.0001302681366722237	0.008242248640628605	-0.006829112383482898	0.014342021406089252	0.0028749785390880765	-0.007004962236004108	-0.023225976342440904	-0.0027249669110507206	0.0007545698139616013	-0.006942595613774182	0.0029935657852506337	-0.002194251136098909	-0.0021095970816982067	0.006834317714575871	-0.00899046080845888	0.001555153095725269	-0.004639941062016661	-1.3002823905085334e-05	-0.0	0.0	0.0	0.0	0.0	0.0	0.0	0.0	0.0	0.0	0.0	0.0	0.0	0.0	0.0	0.0	0.0
ERR1459063	0.1250705830802214	-0.09962928849222552	-0.17835802847071974	0.04709612072615451	0.0512362701359419	0.0015254560063574796	0.04765502560887923	0.0339971924125074	0.025186662073858813	-0.0027949747586933776	-0.04781217954692911	0.018503480003707516	-0.03113268450149889	0.004075331413320308	-0.007859497726968596	-0.027587964073767977	0.03290224694422305	-0.008385076406526314	-0.015194738726062718	-0.008188283239940884	0.008027797342907577	0.02594827364169739	-0.014168290986031716	0.006563488603063942	-0.005459438315302992	-0.008146491669362484	0.002089006977932839	0.0007561094834917546	-0.011402580121914653	-0.002423891654605373	0.013336947355312271	-0.006441333343829206	-0.007200239179960722	-0.0032942319031670744	0.001448100609352308	0.002838163848194402	0.000809201990135338	0.0033759023996106923	0.0018539265544614222	0.0006715929327714667	0.0008162701193051475	-0.0	0.0	0.0	0.0	0.0	0.0	0.0	0.0	0.0	0.0	0.0	0.0	0.0	0.0	0.0	0.0	0.0
ERR1459072	0.06402691813068997	-0.042575015045715016	0.03500088935335436	-0.10284489783290693	-0.08763493883696095	-0.01629497335501847	0.025849465466907803	0.027516095915443864	-0.011484419922663091	-0.00889659992327571	0.0034448488255866857	0.0029257514832527636	0.035999647435522655	-0.047166780096720005	0.02842845252525717	-0.024526256275399876	0.01616013477372407	-0.005128028517380295	-0.010814395768874146	-0.0195141003547028	0.010191228361558391	0.016627862535448835	0.011725615996187148	0.007041681763642444	0.013594925380294784	-0.01032211626512938	-0.019789214598705585	-0.005342831956481073	0.014231204482333849	-0.01296791699576732	-0.01824720883380927	-0.008333817392280535	0.01875491713229601	4.1307471904138605e-05	-0.00827134296350582	-0.007944888018688588	0.00302008408800859	-0.00435076539762977	0.003629910309682419	0.002484245073983364	-2.0794702409783e-05	-0.0	0.0	0.0	0.0	0.0	0.0	0.0	0.0	0.0	0.0	0.0	0.0	0.0	0.0	0.0	0.0	0.0
ERR1459099	0.1202155849151546	0.005749448086248777	0.06652597134287541	0.0005297928666957391	-0.010812101529766216	-0.0020489665253290348	-0.04561014519442349	-0.012795977305383949	0.018694682686572706	-0.017143051404306144	-0.038938279667821936	0.009941354296801128	0.017942081689382113	0.0070703252421243645	0.013348607024888005	-0.003221923636214974	-0.025474411807950934	0.03552607287773126	0.02640431333172024	-0.0025057301702450575	0.012739649813560676	0.033644247149446874	-0.007468472388920373	-0.00853637205705136	-0.010050221095071464	-0.044687569328650326	-0.008468335215588962	-0.0069293862128631594	0.01637482653865421	-0.013697290631978234	-0.004000707325025048	0.0016834321637769758	-0.009408668981650086	0.001169265776523314	0.012831216247388026	0.01684736229454412	-0.012279971164825636	-0.004511122649230255	0.00025409388393569086	0.00035661918477581473	0.0002794737609795583	-0.0	0.0	0.0	0.0	0.0	0.0	0.0	0.0	0.0	0.0	0.0	0.0	0.0	0.0	0.0	0.0	0.0
ERR1459109	0.05068788154076516	0.017709176266817717	0.06995945695174029	0.19094713530436716	-0.02946797512985536	0.06517872647527867	0.04404311915093187	0.040888489246801774	-0.0021166056187069695	-0.00620016177159063	0.0010288124876068347	0.011649476370799966	-0.004246808028647963	-0.009269937169499436	-0.015857757306985756	0.001749136803382253	0.010404046573112464	0.004003496212676052	0.007315925512784941	-0.002778211090819941	0.004951975685969297	0.02197452234115279	0.01668189365989403	-0.0015715975580405514	0.02499904574497553	-0.006449324538200159	0.018127851461023147	0.02923056379058294	0.0014383701526970156	0.017595011350039096	-0.012217107074217432	0.007538902938248247	-0.0008067292812481218	0.00021932819680715854	0.007761732607481367	-0.005322572890439542	-0.006701582993270553	0.0019619287908332803	0.002693977550092579	-0.0016796765726900733	-0.00025208644565944663	-0.0	0.0	0.0	0.0	0.0	0.0	0.0	0.0	0.0	0.0	0.0	0.0	0.0	0.0	0.0	0.0	0.0
ERR1459110	-0.23232060184889283	0.06468394123369572	-0.0502427625681845	0.01537693808121541	-0.06296861960878045	0.0647168713335165	0.021542684405559585	-0.002876645819686728	-0.0548636707040377	-0.0034702654556232524	-0.013173229654626285	0.023425889080930625	0.0054529206960311485	-0.024295401270326738	-0.012037118918456668	0.0190134101374039	0.0011495884520580388	0.008738427547866617	0.02527208645928416	0.005078367715113402	0.005526628689406667	-0.0019095951911478886	0.0012824688243109523	-0.0183861830685297	-0.014533813646534275	0.021438721294973654	-0.007842118814020218	-0.013680619283401842	-0.021080893392054222	-0.007387858467689235	0.003068789743593994	-0.0037678277420357016	0.0027936935924363594	-0.00744928835669979	0.0026210418118526	0.002379852932176012	-0.010079037985508283	0.0024703064319230176	0.00033036594693807044	0.004820468300239314	-0.0008007284918353811	-0.0	0.0	0.0	0.0	0.0	0.0	0.0	0.0	0.0	0.0	0.0	0.0	0.0	0.0	0.0	0.0	0.0
ERR1459123	0.12656227969030287	-0.0030731292896927186	0.05968693086182898	0.10243335570839518	-0.044644074699570324	-0.03257239888452513	0.016456448410791018	-0.0006526413655097352	-0.032034999450910026	-0.011678340649141599	0.026170440322550087	-0.019176683022825908	-0.011715200183748732	-0.015056054436811895	0.04429934023083487	-0.016903083283833758	0.022124893442855124	0.03367394092058301	0.01746663228370436	-0.017465540714310557	0.013557949289684583	-0.03553074687197283	-0.013997158281931666	-0.01723687201458264	-0.01310448313513745	0.0011289008803204235	-0.010287322294470897	0.004782667144031412	-0.02356995152543756	-0.001878589120826026	0.005054563747932543	0.007307816586205098	-0.0038658339536632555	0.0026319254017226224	-0.010962923895928206	0.002823906491054087	-0.0025747064002687686	0.0020163679600802113	-0.005105627005562345	-0.0005655673509321218	-2.7614407831646187e-05	-0.0	0.0	0.0	0.0	0.0	0.0	0.0	0.0	0.0	0.0	0.0	0.0	0.0	0.0	0.0	0.0	0.0
ERR1459124	-0.1979136816993943	0.05075321308724253	-0.04406368419178422	0.015186813741646314	-0.04037427371465374	0.04315304214993276	0.02328313479190723	0.021142454160249048	-0.02443248640238926	0.006656904615024325	-0.02608952996972176	0.01431999366956552	0.0034526442840118097	-0.0010045372271735551	0.0165788175456206	0.008196084200275537	-0.007073588255206608	0.010047633931976873	0.028776784162531883	0.008025796447255085	-0.0018774373895578834	-0.014057832182566744	0.003017494300743255	0.011586696443049844	0.01723855789822309	0.0025179276871982784	-0.011215937277051322	-0.005135062221774437	0.01592891779470716	0.005394350753741187	-0.004144339856297604	-0.00232244963833068	-0.0029040322445259754	-0.0025717565591435254	0.0005394395929956645	-0.006687470543134584	0.0013171179592770393	-0.008745749914293485	-0.008334185116776222	0.0005982858793810405	0.0015891560074049625	-0.0	0.0	0.0	0.0	0.0	0.0	0.0	0.0	0.0	0.0	0.0	0.0	0.0	0.0	0.0	0.0	0.0
ERR1459126	0.11593202030712561	-0.004584451319396801	0.0468951090467323	-0.02465888196281717	-0.05819251195622991	-0.012232831505104555	-0.01375332694786729	0.03262853268369679	0.008370445537010326	0.007637968442317572	-0.033207074614913214	0.027425241703276912	-0.03203677503392796	0.009278514118121915	0.01208078354537769	0.013046287344841881	0.006407627162814329	-0.007421391955655503	0.0004763101174867212	0.022064719559430894	0.029027926243114156	0.014404695934425778	0.0015870084515860912	-0.03174294881206088	-0.004848632515785058	0.02916117011205061	0.009358934653293701	-0.012971832935889355	0.013909661486830224	0.012031435804355901	0.00026326602953530406	0.023410089115313455	0.018807326511936007	-0.014595579111961389	3.948188473179867e-05	-0.0032932126750599856	0.004326633419234117	-0.004188058068866231	0.001924401523805589	-0.0016390483638483737	-1.3078597610894094e-05	-0.0	0.0	0.0	0.0	0.0	0.0	0.0	0.0	0.0	0.0	0.0	0.0	0.0	0.0	0.0	0.0	0.0
ERR1459131	0.10217990020035556	0.01349328614287296	0.0758003829963716	0.04965073707306897	-0.020252227686239837	0.039598903798015526	0.0010371854959353665	-0.037499487048837356	0.06487704597367575	-0.07404702041062348	-0.0035093502240916225	-0.01926215212135364	0.03543592859090503	-0.011175702350221018	0.0165363921857707	0.029530461040684686	0.028871426381884828	0.017657146374071977	-0.04534959730653754	-0.03233880154368979	0.0066042560890524835	0.003716229196779727	-0.006454163722378216	0.003556835991581329	-0.03142571117756193	0.02621088613096151	-0.008824121579843684	7.0718395460573415e-06	-0.003973086201461891	0.006641632592798606	-0.002224665565545081	-0.003368056118862773	0.0033254781933933497	0.0011181320877519494	0.007671074932767757	0.0004319362568026948	0.001871564071947943	0.002136584086109933	0.0018170096325361427	-0.0016856591454775306	0.00022643287515348418	-0.0	0.0	0.0	0.0	0.0	0.0	0.0	0.0	0.0	0.0	0.0	0.0	0.0	0.0	0.0	0.0	0.0
ERR1459142	0.1692506352179812	-0.12068515341387728	-0.17371113152883	-0.044708714855204855	-0.08202561050918043	0.05040152405524761	-0.05608737674732487	0.048702863214287774	0.03296318814792261	0.006540682889100743	-0.055163993544346424	-0.017472012140482874	-0.02584729164588508	0.008409162446204039	-0.001955282759995711	0.00736259150354648	-0.019151812927728593	-0.0037306340239335973	-0.002290025357911963	-0.015564937509661309	-0.006771450454849979	-0.013607488046244738	-0.002435572152986651	-0.011962773514531136	-0.010469393532886381	-0.007242367714709779	0.009933914151100403	-0.002499632799578228	-0.005190478776775299	-0.017369328596679914	0.013856133482319682	-0.0011519724156284984	0.0028339407781672286	0.0024685395118205825	0.0017971881184272564	-0.0024264749930621027	0.004418118397441719	-0.0008450797574536536	0.00020871006576423257	0.001979046777387125	7.502936074453098e-05	-0.0	0.0	0.0	0.0	0.0	0.0	0.0	0.0	0.0	0.0	0.0	0.0	0.0	0.0	0.0	0.0	0.0
ERR1459146	-0.02375943033640277	0.029428004020409643	-0.00740198361894809	-0.061589555365402	-0.0038353355927957205	-0.005550370072984091	-0.0034102589387239096	-0.029391087435552143	0.01091607293960558	-0.003566467312794733	0.02103071926035794	0.02567446533327732	-0.009603194282942963	-0.017524430049099378	0.010072732494800195	-0.023272562589051932	0.03044682591095894	0.003529927408734142	-0.00834680115485351	0.0018382419580627455	-0.02295420727454074	-0.015540098785443707	0.002006795781784124	0.003943484768316997	-0.010172982158140975	-0.02171679397922863	0.0024280302323112925	-0.01806012954225443	-0.019530363470929697	0.02200865955796942	-0.0016885785475622456	-0.013766138981574347	0.01265609179751214	0.006241861047894273	0.01130749221913841	-0.0016851241644037938	-0.004515264695939362	-0.011740197585552678	-0.0004705189041625568	7.867598895339302e-05	0.0005634875867477249	-0.0	0.0	0.0	0.0	0.0	0.0	0.0	0.0	0.0	0.0	0.0	0.0	0.0	0.0	0.0	0.0	0.0
ERR1459147	-0.22147974799186795	0.04625277352912478	-0.04029235187897068	0.008195435647724469	-0.06514218925036462	0.04029121523475734	0.019724721326716044	-0.014023574826186443	-0.03689672391189817	-0.007811571398278261	-0.011141483520153749	0.012427422672004957	0.02530920847958197	-0.034118979102512464	-0.0057031790791565095	0.0016098910377309156	0.01620471663581672	-0.02605566612433376	0.014219696124267584	0.012228002601231051	-0.00962604508990261	0.0036551605342944244	-0.010618180580507057	0.004838937614239813	0.0010959443151477713	-0.009047081236907924	0.003681352978394904	-0.0159761219504727	-0.001835109271510087	0.006077387524681218	-0.0013038885094740409	0.012173276602668181	0.0041262383337209475	0.00816129557940476	0.001664767842486536	0.010557588668251959	-0.006779033648356348	0.006890083393912814	0.005577410375662948	-0.0016321243318943239	0.0012254152086107212	-0.0	0.0	0.0	0.0	0.0	0.0	0.0	0.0	0.0	0.0	0.0	0.0	0.0	0.0	0.0	0.0	0.0
ERR1459152	0.0939084736299351	-0.05270621491630945	0.08651261669663775	-0.025201263999890384	-0.08924473992616856	-0.05696524740959581	-0.050912588955337	0.00031577567166120177	-0.01110679776506391	-0.008748848799707925	-0.019192278895802127	-0.03181111621836678	-0.002880114768141873	-0.0003384242965189677	-0.023993568208573963	0.00747026719778872	0.016053895636425862	-0.05344139478861728	0.01601835875030645	0.008151579967661526	-0.013240774245154744	-0.004284492876852262	-0.0034460986144996784	0.011941969695732399	-0.011269189960912918	-0.017350886915642308	-0.006687094477088104	0.009411241832164886	-0.009166937829413434	0.007424686700702367	0.003100229565241305	0.008801679331052832	0.0018129934196448678	0.016472084270309856	0.003946928757031886	-0.008308975451970747	0.0019039245939565864	0.004479303740683877	-0.0011621169050931178	0.004607073309343612	0.0005956991155471632	-0.0	0.0	0.0	0.0	0.0	0.0	0.0	0.0	0.0	0.0	0.0	0.0	0.0	0.0	0.0	0.0	0.0
ERR1459161	-0.019930065859219203	0.013353424181250627	0.0038383267390495464	-0.011423265861985341	-0.014751764359126795	-0.031064732097720957	-0.05538413692080472	-0.014891478907986096	-0.039584386467356666	-0.0035109998875013453	0.03549147636837686	-0.015909377971594665	-0.03768386671740652	0.006133154282687386	0.030915568131431363	-0.042115292611640785	0.010353631477268144	0.032328524195924024	-0.02651341305693611	0.012834943042751807	0.002057185309389367	-0.0005002752091457652	-0.0058075265442405636	-0.03266798301749055	0.03164401565110961	-0.015048429245043458	0.005429199773930183	0.005541481691928583	-0.014274048324663858	-0.001924932857667539	0.0047540879509059535	0.011774277083214385	-0.005059209075259875	-0.003300774061994567	0.00459439816745533	-0.0036824844621384596	0.006630595544801977	0.005749987491177594	0.003068880682970233	-0.0008955600708095735	0.0013466989638887645	-0.0	0.0	0.0	0.0	0.0	0.0	0.0	0.0	0.0	0.0	0.0	0.0	0.0	0.0	0.0	0.0	0.0
ERR1459162	-0.10964315029794264	0.07793343384819092	-0.001432521926600356	0.0556201174063577	0.012025822196749995	-0.02263601275543131	-0.023933867326480663	0.003039506770515571	0.0053389484861834525	-0.0036706504505404354	-0.032412851427860385	-0.00804229338693031	-0.0163070469089913	0.00757128415181708	-0.0010833327375914682	0.03113322984742691	0.018153434257287007	-0.0019049703144169339	-0.0025102366263577407	0.010193999823822473	0.003780238041772975	0.0050574668951282944	-0.01816219785075361	-0.009626804679164802	-0.011471128152496598	0.002280892636298461	0.014647016682962475	0.0030503954572383184	0.005507415209073154	0.008748853263694347	-0.010813818222125208	0.006238065681365661	-0.005945396409865716	0.013397101158690732	0.008809405630684598	-0.011925935987153536	-0.004435151133313536	0.0006034430046410618	-0.00020770085213479925	0.0042120633484129194	-0.00035908847243826047	-0.0	0.0	0.0	0.0	0.0	0.0	0.0	0.0	0.0	0.0	0.0	0.0	0.0	0.0	0.0	0.0	0.0
ERR1459172	-0.14521950006387435	0.07585903776013413	-0.038790213692822796	0.006574637654884146	0.04725692491382323	0.009293832914224752	-0.009226837122251053	0.021909959430609978	-0.0038971796036077525	-0.028676852775220845	0.0278816901939634	-0.01762861386461566	-0.035730465370090586	0.0035720374493627654	0.05276533073080667	-0.002714575611767291	0.010569401029707711	-0.02902308694798056	0.012480027478665189	-0.002682978370953616	0.014966507614492204	0.01830935336988191	-0.021151552223390192	-0.013800355252458948	-0.015014401218498655	-0.0021143821982139337	0.02032159182399378	0.022373292416401843	0.013092770094932376	-0.01286949793934373	-0.011897880472386024	-0.01245186835480168	0.0009577415755656285	0.009313674385320731	-0.009242453178513549	0.007264221623292131	-0.0016608266905803043	-0.01012682100318922	-0.001131212718240632	-0.004231158941463401	-0.0006855686234847316	-0.0	0.0	0.0	0.0	0.0	0.0	0.0	0.0	0.0	0.0	0.0	0.0	0.0	0.0	0.0	0.0	0.0
ERR1459203	-0.13519743853274052	0.05903593294209144	-0.025414757615204876	-0.07152633415703225	-0.037669711473340126	0.04120347465564141	0.04906459850758255	-0.03448943602899737	-0.04596513386336841	0.02487058686955261	0.005078639221559148	-0.06787334417349011	0.00909616421796721	0.03892017860085546	-0.00040707628543878906	-0.00215126551229141	-0.011807905544527866	0.02988753498561855	-0.02140814605492524	-0.009023315299162846	-0.019847112312254115	0.003661328621031238	-0.004891234293733839	0.0025011278160052873	-0.023379678959814118	0.0015681328997104638	0.005263483971455056	0.008913805844380979	0.00357317133949293	0.004589661201532676	-0.002181498412504016	0.004770477115742581	-0.008825575210147662	0.0017134161867404152	0.0019869360742144145	-0.005918476824120783	-0.001550417753533014	0.0026744350421875006	0.000996913730699567	-0.0016617466332543012	-0.00019435215834275472	-0.0	0.0	0.0	0.0	0.0	0.0	0.0	0.0	0.0	0.0	0.0	0.0	0.0	0.0	0.0	0.0	0.0
ERR1459204	0.05361679389978032	-0.0884824387754176	0.002255941999332197	0.04570964624169757	0.04046924441224192	-0.06151558967982786	-0.011982910969373421	0.003474694686823372	-0.02872210790877037	0.016285736799512122	-0.02267167448335514	-0.040216497061059335	0.021306842928171903	-0.015511473436789403	-0.02518953532534657	-0.04053745444148335	-0.02715980038705894	0.014209798480806276	-0.01738103307806624	0.009069644046672765	-0.002725460265269723	0.03242295816367188	0.0340475606735432	0.005891313839700161	-0.005685784906823516	0.021281744513063215	0.00856262426151452	-0.007419043758277553	-0.024024130351462454	-0.0051495725739897	-0.006629776375875247	0.008548385651844249	0.014790721978629589	0.01172948522276012	-0.0006099811123162568	0.010305392769034753	-0.0011264456636597873	-0.006738824348964125	-0.002621754252414383	-0.0002970848427778337	-0.0009326356932597306	-0.0	0.0	0.0	0.0	0.0	0.0	0.0	0.0	0.0	0.0	0.0	0.0	0.0	0.0	0.0	0.0	0.0
ERR2056783	0.11102520425643124	0.048648542042524466	0.04949594631877418	0.1291895709187752	0.05957544957091287	0.046199771833166564	0.09078525053504015	0.02575837997861089	0.039656459040941866	0.016010156129666293	0.04404771351624863	9.201144616812307e-05	-0.03722319037172587	0.009428659781610905	0.0031223283459392167	-0.01964671114510523	-0.015721836416388087	-0.016911223217186955	0.01751840079473814	-0.001420538490285485	-0.02176402537321534	-0.0026362200575891954	0.005312138501481496	-0.0014114506742423565	-0.017437330264896713	-0.0053363617154628265	-0.014273900504586746	-0.0070238811852207615	0.0008233966959820535	-0.0064248138792490465	0.004122894453843227	-0.00450962361178007	0.010647923590280746	0.005465846449955256	0.0008023367834984594	0.001744316450961913	0.005041067251000878	-0.0013700502644711633	-0.00229801898553141	0.0018019830691960476	0.0002339199924751544	-0.0	0.0	0.0	0.0	0.0	0.0	0.0	0.0	0.0	0.0	0.0	0.0	0.0	0.0	0.0	0.0	0.0
ERR2056799	0.13989179424336268	-0.09846179266801725	-0.14125218608496712	-0.0008420207202191518	-0.008705701129158862	-0.07007584456226341	0.02010772835658411	0.020430337709990455	-0.034497030453922155	0.0032504353873221165	-0.007799777704388994	0.01681449301734246	0.014827596594545859	-0.018424123916814247	0.03302658441813316	0.011800813810262096	-0.020144115057142933	-0.018512119456022012	0.0028905377153603017	-0.044372263854891195	-0.03841409411240249	-0.027740183574608623	-0.00016752267794116116	-0.009121148340541122	0.005254189213083304	0.005455208877732164	0.009786857654485098	0.01071035778574167	0.009444050883573751	0.001700187084895542	-0.012598103336030708	0.00728173221605264	-0.0032991957203023503	0.00042244929783405037	0.0017710135121529686	0.0007232568857351088	-0.012931801992268243	0.0025204218292080027	-0.0027732495823728854	0.0005152682484286006	-0.0013153201970970284	-0.0	0.0	0.0	0.0	0.0	0.0	0.0	0.0	0.0	0.0	0.0	0.0	0.0	0.0	0.0	0.0	0.0

Biplot	0	0

Site constraints	0	0
